SNP,Chromosome,Position,DF,t Value,std Error,effect
NsiI.TP727162,5,15122057,NA,NA,NA,NA
PstI.TP756650,3,61832560,NA,NA,NA,NA
NsiI.TP436966,3,208286,NA,NA,NA,NA
PstI.TP126255,6,50898138,NA,NA,NA,NA
NsiI.TP621335,11,16810,NA,NA,NA,NA
PstI.TP12971,7,63081914,NA,NA,NA,NA
PstI.TP110885,6,47190301,NA,NA,NA,NA
PstI.TP364469,1,15807512,NA,NA,NA,NA
NsiI.TP742717,11,18226,NA,NA,NA,NA
PstI.TP1199327,11,8475,NA,NA,NA,NA
PstI.TP1014704,4,68495682,NA,NA,NA,NA
PstI.TP533617,3,54614431,NA,NA,NA,NA
PstI.TP195962,7,63734553,NA,NA,NA,NA
PstI.TP299690,1,69193739,NA,NA,NA,NA
PstI.TP956432,11,6670,NA,NA,NA,NA
PstI.TP928995,11,6499,NA,NA,NA,NA
NsiI.TP655257,1,80728948,NA,NA,NA,NA
PstI.TP349556,9,56207028,NA,NA,NA,NA
PstI.TP807213,1,57183105,NA,NA,NA,NA
PstI.TP120320,11,1001,NA,NA,NA,NA
PstI.TP1141531,11,7998,NA,NA,NA,NA
NsiI.TP452950,4,59507302,NA,NA,NA,NA
PstI.TP995173,2,70172526,NA,NA,NA,NA
PstI.TP1206934,3,6141050,NA,NA,NA,NA
PstI.TP690066,11,4769,NA,NA,NA,NA
PstI.TP667600,4,39529579,NA,NA,NA,NA
PstI.TP806450,1,7007771,NA,NA,NA,NA
NsiI.TP648509,10,41353679,NA,NA,NA,NA
PstI.TP522438,10,49677682,NA,NA,NA,NA
PstI.TP513006,1,73971974,NA,NA,NA,NA
PstI.TP365645,1,61353360,NA,NA,NA,NA
PstI.TP451905,1,7339832,NA,NA,NA,NA
NsiI.TP45237,11,9692,NA,NA,NA,NA
PstI.TP166501,1,18793961,NA,NA,NA,NA
PstI.TP701371,1,9558859,NA,NA,NA,NA
PstI.TP75281,9,3177941,NA,NA,NA,NA
PstI.TP881184,2,76620224,NA,NA,NA,NA
PstI.TP1077538,11,7514,NA,NA,NA,NA
PstI.TP179103,7,57227560,NA,NA,NA,NA
PstI.TP1209906,4,67965163,NA,NA,NA,NA
NsiI.TP615647,2,68626980,NA,NA,NA,NA
PstI.TP1112974,6,49485124,NA,NA,NA,NA
PstI.TP401430,10,261208,NA,NA,NA,NA
PstI.TP847961,8,53109574,NA,NA,NA,NA
PstI.TP437672,11,3353,NA,NA,NA,NA
PstI.TP1181279,10,61156077,NA,NA,NA,NA
NsiI.TP57283,6,49505312,NA,NA,NA,NA
PstI.TP347106,6,54444929,NA,NA,NA,NA
PstI.TP798665,11,5530,NA,NA,NA,NA
PstI.TP834958,9,54418483,NA,NA,NA,NA
PstI.TP654237,3,63375812,NA,NA,NA,NA
PstI.TP300300,11,2369,NA,NA,NA,NA
NsiI.TP126131,9,3184582,NA,NA,NA,NA
PstI.TP876546,9,44646384,NA,NA,NA,NA
NsiI.TP234267,3,70840629,NA,NA,NA,NA
PstI.TP166481,3,1960833,NA,NA,NA,NA
PstI.TP740583,11,5112,NA,NA,NA,NA
PstI.TP1102757,3,60738907,NA,NA,NA,NA
PstI.TP370692,3,55164432,NA,NA,NA,NA
PstI.TP351473,3,62816493,NA,NA,NA,NA
PstI.TP338015,2,77540960,NA,NA,NA,NA
PstI.TP285646,7,59945480,NA,NA,NA,NA
NsiI.TP375218,1,7321465,NA,NA,NA,NA
PstI.TP1231136,3,52841481,NA,NA,NA,NA
PstI.TP86008,2,57163563,NA,NA,NA,NA
PstI.TP871336,1,69055455,NA,NA,NA,NA
PstI.TP909576,11,6352,NA,NA,NA,NA
PstI.TP387329,9,55961556,NA,NA,NA,NA
PstI.TP1260649,4,52875541,NA,NA,NA,NA
PstI.TP84880,1,63680478,NA,NA,NA,NA
PstI.TP1015835,1,6514843,NA,NA,NA,NA
PstI.TP698835,11,4830,NA,NA,NA,NA
PstI.TP930653,9,56906789,NA,NA,NA,NA
PstI.TP134761,3,59529523,NA,NA,NA,NA
PstI.TP781859,4,66322904,NA,NA,NA,NA
NsiI.TP501821,5,53570195,NA,NA,NA,NA
PstI.TP961842,8,59838089,NA,NA,NA,NA
PstI.TP1193608,11,8440,NA,NA,NA,NA
PstI.TP745911,2,8890642,NA,NA,NA,NA
PstI.TP818076,11,5661,NA,NA,NA,NA
PstI.TP417865,1,2030761,NA,NA,NA,NA
NsiI.TP337751,1,60167980,NA,NA,NA,NA
PstI.TP972953,1,7984963,NA,NA,NA,NA
PstI.TP1047233,3,61797601,NA,NA,NA,NA
NsiI.TP304764,3,1836392,NA,NA,NA,NA
PstI.TP388391,3,69918190,NA,NA,NA,NA
PstI.TP1134497,1,53143016,NA,NA,NA,NA
PstI.TP117089,2,45986595,NA,NA,NA,NA
NsiI.TP621776,1,79466998,NA,NA,NA,NA
PstI.TP1191629,11,8424,NA,NA,NA,NA
NsiI.TP675233,9,58409914,NA,NA,NA,NA
PstI.TP547023,2,75564773,NA,NA,NA,NA
PstI.TP205765,8,46363312,NA,NA,NA,NA
PstI.TP146654,9,7350920,NA,NA,NA,NA
PstI.TP523962,11,3914,NA,NA,NA,NA
PstI.TP449117,2,63692942,NA,NA,NA,NA
PstI.TP31817,11,252,NA,NA,NA,NA
PstI.TP1275363,11,8983,NA,NA,NA,NA
PstI.TP1101676,9,55031033,NA,NA,NA,NA
PstI.TP787540,11,5445,NA,NA,NA,NA
NsiI.TP113035,7,1804303,NA,NA,NA,NA
PstI.TP778881,9,48260943,NA,NA,NA,NA
PstI.TP982126,9,58344631,NA,NA,NA,NA
PstI.TP716056,7,12018520,NA,NA,NA,NA
PstI.TP174000,11,1429,NA,NA,NA,NA
PstI.TP868305,3,57307103,NA,NA,NA,NA
PstI.TP338856,2,59737782,NA,NA,NA,NA
PstI.TP543197,4,67169531,NA,NA,NA,NA
PstI.TP671248,2,72313766,NA,NA,NA,NA
PstI.TP139651,2,69224467,NA,NA,NA,NA
PstI.TP1155086,9,50004653,NA,NA,NA,NA
PstI.TP132499,9,56107884,NA,NA,NA,NA
PstI.TP794138,11,5493,NA,NA,NA,NA
PstI.TP521447,8,3072937,NA,NA,NA,NA
PstI.TP359861,6,42016593,NA,NA,NA,NA
PstI.TP700182,9,56152423,NA,NA,NA,NA
PstI.TP308152,3,6124917,NA,NA,NA,NA
PstI.TP532263,10,50312279,NA,NA,NA,NA
PstI.TP1096280,3,1833730,NA,NA,NA,NA
PstI.TP179275,9,52171543,NA,NA,NA,NA
PstI.TP119425,2,73077344,NA,NA,NA,NA
PstI.TP190927,3,3236781,NA,NA,NA,NA
PstI.TP541575,2,74276308,NA,NA,NA,NA
PstI.TP933689,4,68479830,NA,NA,NA,NA
NsiI.TP91904,3,61568869,NA,NA,NA,NA
PstI.TP994295,1,15000089,NA,NA,NA,NA
PstI.TP1288084,1,11935767,NA,NA,NA,NA
PstI.TP1066422,3,60988993,NA,NA,NA,NA
PstI.TP1014210,11,7040,NA,NA,NA,NA
PstI.TP669233,7,65085026,NA,NA,NA,NA
NsiI.TP282767,6,55154575,NA,NA,NA,NA
PstI.TP677745,1,5751851,NA,NA,NA,NA
PstI.TP542649,1,9116308,NA,NA,NA,NA
PstI.TP197785,3,62421321,NA,NA,NA,NA
PstI.TP120638,4,35323656,NA,NA,NA,NA
PstI.TP379973,11,2974,NA,NA,NA,NA
PstI.TP532131,11,3976,NA,NA,NA,NA
PstI.TP4963,3,65245788,NA,NA,NA,NA
PstI.TP230539,6,60169420,NA,NA,NA,NA
PstI.TP694469,2,61192392,NA,NA,NA,NA
PstI.TP401147,11,3119,NA,NA,NA,NA
PstI.TP891020,1,4033768,NA,NA,NA,NA
PstI.TP758217,4,53816542,NA,NA,NA,NA
PstI.TP1071296,11,7466,NA,NA,NA,NA
NsiI.TP506280,11,15342,NA,NA,NA,NA
NsiI.TP472754,4,5966031,NA,NA,NA,NA
PstI.TP461927,1,9014162,NA,NA,NA,NA
PstI.TP609962,5,53907385,NA,NA,NA,NA
PstI.TP654004,9,2357362,NA,NA,NA,NA
PstI.TP997652,1,64799296,NA,NA,NA,NA
PstI.TP248887,11,2021,NA,NA,NA,NA
PstI.TP1126063,10,5769848,NA,NA,NA,NA
PstI.TP68223,7,59248949,NA,NA,NA,NA
PstI.TP935926,6,55352294,NA,NA,NA,NA
PstI.TP626124,1,3342723,NA,NA,NA,NA
PstI.TP31701,2,71261586,NA,NA,NA,NA
NsiI.TP555329,3,67453921,NA,NA,NA,NA
PstI.TP1235985,1,62443684,NA,NA,NA,NA
PstI.TP885267,1,2084430,NA,NA,NA,NA
PstI.TP690744,2,58500961,NA,NA,NA,NA
PstI.TP1143724,11,8012,NA,NA,NA,NA
PstI.TP1055459,3,58609425,NA,NA,NA,NA
PstI.TP1029642,11,7158,NA,NA,NA,NA
PstI.TP1248423,5,1988487,NA,NA,NA,NA
NsiI.TP468762,1,4620729,NA,NA,NA,NA
PstI.TP951441,3,53917406,NA,NA,NA,NA
PstI.TP350552,11,2761,NA,NA,NA,NA
PstI.TP831238,3,4140006,NA,NA,NA,NA
PstI.TP969397,6,60888114,NA,NA,NA,NA
NsiI.TP507777,4,67027562,NA,NA,NA,NA
PstI.TP363146,6,59896427,NA,NA,NA,NA
PstI.TP288904,1,62080065,NA,NA,NA,NA
PstI.TP322890,6,46091816,NA,NA,NA,NA
PstI.TP44125,7,55681656,NA,NA,NA,NA
PstI.TP613604,11,4323,NA,NA,NA,NA
PstI.TP929783,1,68577350,NA,NA,NA,NA
PstI.TP1029730,4,59112616,NA,NA,NA,NA
PstI.TP1007712,1,56295361,NA,NA,NA,NA
PstI.TP356415,3,15356034,NA,NA,NA,NA
PstI.TP541875,2,55037307,NA,NA,NA,NA
PstI.TP448080,1,70586488,NA,NA,NA,NA
PstI.TP379031,3,68701578,NA,NA,NA,NA
PstI.TP742499,1,76179984,NA,NA,NA,NA
NsiI.TP240864,11,11838,NA,NA,NA,NA
PstI.TP577712,8,6219464,NA,NA,NA,NA
NsiI.TP69764,11,9953,NA,NA,NA,NA
PstI.TP231608,1,46403489,NA,NA,NA,NA
PstI.TP868925,4,7967759,NA,NA,NA,NA
PstI.TP884326,11,6177,NA,NA,NA,NA
PstI.TP310237,6,47646564,NA,NA,NA,NA
PstI.TP1281534,11,9033,NA,NA,NA,NA
PstI.TP867146,11,6048,NA,NA,NA,NA
PstI.TP541874,2,55037354,NA,NA,NA,NA
PstI.TP715604,4,64992446,NA,NA,NA,NA
PstI.TP2006,8,3930378,NA,NA,NA,NA
PstI.TP65744,2,60726974,NA,NA,NA,NA
NsiI.TP366177,11,13171,NA,NA,NA,NA
PstI.TP847969,11,5876,NA,NA,NA,NA
PstI.TP1038157,11,7211,NA,NA,NA,NA
PstI.TP207042,3,68906982,NA,NA,NA,NA
PstI.TP357347,6,53284826,NA,NA,NA,NA
PstI.TP689267,11,4765,NA,NA,NA,NA
PstI.TP115576,3,61364669,NA,NA,NA,NA
PstI.TP646559,8,62211239,NA,NA,NA,NA
PstI.TP1066472,2,73495691,NA,NA,NA,NA
PstI.TP585913,8,55579533,NA,NA,NA,NA
PstI.TP19142,11,155,NA,NA,NA,NA
PstI.TP109994,3,998411,NA,NA,NA,NA
PstI.TP401102,1,12714512,NA,NA,NA,NA
PstI.TP918944,11,6423,NA,NA,NA,NA
NsiI.TP434679,3,11842346,NA,NA,NA,NA
PstI.TP879786,11,6143,NA,NA,NA,NA
PstI.TP934024,11,6539,NA,NA,NA,NA
PstI.TP82727,7,64210634,NA,NA,NA,NA
PstI.TP341298,11,2697,NA,NA,NA,NA
PstI.TP1164364,4,7965997,NA,NA,NA,NA
NsiI.TP468188,4,16051806,NA,NA,NA,NA
PstI.TP539634,6,55893141,NA,NA,NA,NA
PstI.TP698300,11,4824,NA,NA,NA,NA
PstI.TP906047,3,4276001,NA,NA,NA,NA
NsiI.TP19909,1,69328566,NA,NA,NA,NA
PstI.TP1181427,10,48075047,NA,NA,NA,NA
PstI.TP1030217,3,1141809,NA,NA,NA,NA
PstI.TP374511,1,3576636,NA,NA,NA,NA
PstI.TP496795,5,1513135,NA,NA,NA,NA
PstI.TP354591,1,1050082,NA,NA,NA,NA
PstI.TP1183728,1,69834022,NA,NA,NA,NA
PstI.TP156491,8,62158572,NA,NA,NA,NA
PstI.TP402235,2,70727485,NA,NA,NA,NA
PstI.TP404112,4,61296221,NA,NA,NA,NA
PstI.TP582861,3,66513476,NA,NA,NA,NA
PstI.TP91283,9,57061948,NA,NA,NA,NA
PstI.TP623632,8,15930657,NA,NA,NA,NA
PstI.TP755963,11,5221,NA,NA,NA,NA
PstI.TP948493,1,10639570,NA,NA,NA,NA
PstI.TP277254,9,815106,NA,NA,NA,NA
PstI.TP45420,8,59829645,NA,NA,NA,NA
PstI.TP622431,7,60027444,NA,NA,NA,NA
PstI.TP69823,1,70805200,NA,NA,NA,NA
PstI.TP640416,11,4495,NA,NA,NA,NA
PstI.TP1262851,4,67370507,NA,NA,NA,NA
PstI.TP1166626,7,5373971,NA,NA,NA,NA
NsiI.TP508238,2,61419445,NA,NA,NA,NA
PstI.TP774504,4,7549373,NA,NA,NA,NA
PstI.TP1123380,3,3557266,NA,NA,NA,NA
PstI.TP802084,10,555823,NA,NA,NA,NA
PstI.TP438569,6,52665117,NA,NA,NA,NA
PstI.TP157314,3,67817635,NA,NA,NA,NA
PstI.TP269566,3,63644939,NA,NA,NA,NA
PstI.TP429929,11,3315,NA,NA,NA,NA
PstI.TP716101,6,47677795,NA,NA,NA,NA
PstI.TP39204,7,8302668,NA,NA,NA,NA
PstI.TP68667,7,5024644,NA,NA,NA,NA
PstI.TP1184713,9,8036705,NA,NA,NA,NA
PstI.TP596502,7,58014009,NA,NA,NA,NA
PstI.TP510832,1,18167351,NA,NA,NA,NA
PstI.TP106875,3,64830008,NA,NA,NA,NA
PstI.TP1193013,6,60825902,NA,NA,NA,NA
PstI.TP624488,11,4383,NA,NA,NA,NA
PstI.TP1123006,3,15144093,NA,NA,NA,NA
PstI.TP91211,1,10530796,NA,NA,NA,NA
PstI.TP707030,4,55665489,NA,NA,NA,NA
PstI.TP1215769,6,60047342,NA,NA,NA,NA
PstI.TP576556,8,61385245,NA,NA,NA,NA
NsiI.TP820289,8,57687842,NA,NA,NA,NA
PstI.TP890801,2,72613106,NA,NA,NA,NA
PstI.TP105605,3,54845915,NA,NA,NA,NA
PstI.TP1246574,10,2518921,NA,NA,NA,NA
PstI.TP920636,1,4777048,NA,NA,NA,NA
PstI.TP835676,4,8640214,NA,NA,NA,NA
PstI.TP665435,2,4646947,NA,NA,NA,NA
NsiI.TP499370,4,52358612,NA,NA,NA,NA
PstI.TP1065040,8,41491760,NA,NA,NA,NA
PstI.TP857720,4,67675201,NA,NA,NA,NA
PstI.TP1180967,11,8324,NA,NA,NA,NA
PstI.TP570804,4,4364673,NA,NA,NA,NA
NsiI.TP712037,1,67933970,NA,NA,NA,NA
NsiI.TP730441,3,70813388,NA,NA,NA,NA
PstI.TP150005,3,58784404,NA,NA,NA,NA
PstI.TP469702,6,50857851,NA,NA,NA,NA
PstI.TP1224807,5,3620091,NA,NA,NA,NA
PstI.TP33096,6,3180162,NA,NA,NA,NA
PstI.TP234053,11,1921,NA,NA,NA,NA
PstI.TP1026818,11,7134,NA,NA,NA,NA
PstI.TP1014264,1,75579176,NA,NA,NA,NA
NsiI.TP51047,2,13453548,NA,NA,NA,NA
PstI.TP77625,9,53718156,NA,NA,NA,NA
PstI.TP444825,1,6930877,NA,NA,NA,NA
PstI.TP548769,11,4062,NA,NA,NA,NA
NsiI.TP132109,2,72971977,NA,NA,NA,NA
PstI.TP46032,11,392,NA,NA,NA,NA
PstI.TP787593,1,67474277,NA,NA,NA,NA
PstI.TP450294,2,72761555,NA,NA,NA,NA
PstI.TP350243,9,45321870,NA,NA,NA,NA
PstI.TP397160,7,58561163,NA,NA,NA,NA
PstI.TP401749,7,8817658,NA,NA,NA,NA
NsiI.TP34193,6,47900218,NA,NA,NA,NA
PstI.TP981281,10,3085207,NA,NA,NA,NA
PstI.TP773869,2,66744137,NA,NA,NA,NA
PstI.TP448143,9,6230587,NA,NA,NA,NA
PstI.TP738023,2,59441982,NA,NA,NA,NA
PstI.TP1185472,6,45032097,NA,NA,NA,NA
PstI.TP452173,2,10527282,NA,NA,NA,NA
PstI.TP824743,4,51495892,NA,NA,NA,NA
PstI.TP857726,4,55633086,NA,NA,NA,NA
PstI.TP256348,11,2093,NA,NA,NA,NA
PstI.TP290738,7,59825579,NA,NA,NA,NA
NsiI.TP388426,3,311330,NA,NA,NA,NA
NsiI.TP20060,1,18191763,NA,NA,NA,NA
PstI.TP987666,2,62343916,NA,NA,NA,NA
PstI.TP798247,10,4317874,NA,NA,NA,NA
PstI.TP8678,2,2984246,NA,NA,NA,NA
PstI.TP1083210,2,74137420,NA,NA,NA,NA
PstI.TP301480,11,2383,NA,NA,NA,NA
PstI.TP261995,10,8063942,NA,NA,NA,NA
PstI.TP425356,1,569039,NA,NA,NA,NA
PstI.TP726878,1,13263594,NA,NA,NA,NA
NsiI.TP193365,6,50405862,NA,NA,NA,NA
PstI.TP1163307,11,8177,NA,NA,NA,NA
PstI.TP801278,6,48713165,NA,NA,NA,NA
PstI.TP1195390,1,78927004,NA,NA,NA,NA
PstI.TP632675,11,4443,NA,NA,NA,NA
PstI.TP145834,7,4944531,NA,NA,NA,NA
PstI.TP1097010,2,19533020,NA,NA,NA,NA
PstI.TP372461,5,69064710,NA,NA,NA,NA
NsiI.TP631040,1,76939823,NA,NA,NA,NA
PstI.TP441536,1,2816855,NA,NA,NA,NA
PstI.TP1094441,4,53080201,NA,NA,NA,NA
PstI.TP74252,3,4598161,NA,NA,NA,NA
PstI.TP904714,9,1730741,NA,NA,NA,NA
PstI.TP603772,3,3389590,NA,NA,NA,NA
PstI.TP1002549,3,61933672,NA,NA,NA,NA
PstI.TP757921,1,26848011,NA,NA,NA,NA
PstI.TP320710,10,54501313,NA,NA,NA,NA
PstI.TP460957,2,63153566,NA,NA,NA,NA
PstI.TP831544,10,5137704,NA,NA,NA,NA
PstI.TP727388,10,53174248,NA,NA,NA,NA
PstI.TP443586,1,7215893,NA,NA,NA,NA
PstI.TP873911,2,65476325,NA,NA,NA,NA
PstI.TP75872,3,55474631,NA,NA,NA,NA
PstI.TP957775,9,27506778,NA,NA,NA,NA
PstI.TP549811,3,66531825,NA,NA,NA,NA
PstI.TP361031,6,48622395,NA,NA,NA,NA
PstI.TP49251,8,52811353,NA,NA,NA,NA
PstI.TP373660,8,62666468,NA,NA,NA,NA
NsiI.TP355888,11,13042,NA,NA,NA,NA
PstI.TP858902,4,66143706,NA,NA,NA,NA
PstI.TP778331,9,50006602,NA,NA,NA,NA
PstI.TP793079,3,52368295,NA,NA,NA,NA
PstI.TP487778,3,1541283,NA,NA,NA,NA
PstI.TP145796,9,40783563,NA,NA,NA,NA
PstI.TP837664,1,73498170,NA,NA,NA,NA
PstI.TP1098788,11,7687,NA,NA,NA,NA
PstI.TP166160,10,18059383,NA,NA,NA,NA
PstI.TP39347,5,2639610,NA,NA,NA,NA
PstI.TP706641,3,74303182,NA,NA,NA,NA
PstI.TP915538,11,6398,NA,NA,NA,NA
PstI.TP160013,6,1913467,NA,NA,NA,NA
PstI.TP523933,1,6018181,NA,NA,NA,NA
PstI.TP890955,1,20013544,NA,NA,NA,NA
PstI.TP137972,6,49743515,NA,NA,NA,NA
PstI.TP9547,1,5534818,NA,NA,NA,NA
PstI.TP522635,11,3904,NA,NA,NA,NA
PstI.TP839365,4,59601391,NA,NA,NA,NA
PstI.TP739746,11,5106,NA,NA,NA,NA
PstI.TP1027273,3,4274869,NA,NA,NA,NA
PstI.TP256852,9,1065898,NA,NA,NA,NA
PstI.TP91666,9,57446168,NA,NA,NA,NA
PstI.TP268085,2,64265265,NA,NA,NA,NA
PstI.TP763524,8,54655315,NA,NA,NA,NA
PstI.TP894258,4,57750214,NA,NA,NA,NA
PstI.TP202284,10,56175041,NA,NA,NA,NA
PstI.TP174587,8,61645695,NA,NA,NA,NA
PstI.TP997226,7,651806,NA,NA,NA,NA
PstI.TP869093,1,11187262,NA,NA,NA,NA
PstI.TP1244443,1,3397749,NA,NA,NA,NA
PstI.TP795263,6,48216537,NA,NA,NA,NA
PstI.TP967109,3,4646186,NA,NA,NA,NA
PstI.TP710636,6,45894338,NA,NA,NA,NA
PstI.TP236690,3,60908020,NA,NA,NA,NA
PstI.TP952805,11,6650,NA,NA,NA,NA
PstI.TP447781,9,12669967,NA,NA,NA,NA
PstI.TP1134573,9,45626034,NA,NA,NA,NA
PstI.TP581839,11,4176,NA,NA,NA,NA
NsiI.TP404945,11,13572,NA,NA,NA,NA
PstI.TP1116298,6,57959042,NA,NA,NA,NA
PstI.TP579734,11,4164,NA,NA,NA,NA
PstI.TP1275567,7,4355483,NA,NA,NA,NA
NsiI.TP555948,3,67784264,NA,NA,NA,NA
PstI.TP1156107,10,4914081,NA,NA,NA,NA
PstI.TP196680,11,1602,NA,NA,NA,NA
PstI.TP1127482,4,66065155,NA,NA,NA,NA
PstI.TP43035,3,67960309,NA,NA,NA,NA
PstI.TP1133379,4,51922694,NA,NA,NA,NA
PstI.TP1005487,3,49717109,NA,NA,NA,NA
PstI.TP336268,3,55896402,NA,NA,NA,NA
NsiI.TP201900,7,59739247,NA,NA,NA,NA
PstI.TP1255957,10,57956794,NA,NA,NA,NA
PstI.TP142395,1,71238859,NA,NA,NA,NA
PstI.TP863331,1,161269,NA,NA,NA,NA
NsiI.TP426590,9,2752496,NA,NA,NA,NA
PstI.TP79115,4,60133712,NA,NA,NA,NA
PstI.TP429801,10,8035175,NA,NA,NA,NA
PstI.TP855559,11,5958,NA,NA,NA,NA
PstI.TP95118,9,58539170,NA,NA,NA,NA
NsiI.TP635574,5,10846526,NA,NA,NA,NA
PstI.TP983468,6,52676712,NA,NA,NA,NA
PstI.TP1041006,1,57001520,NA,NA,NA,NA
PstI.TP709133,4,64107407,NA,NA,NA,NA
PstI.TP982615,2,63682812,NA,NA,NA,NA
PstI.TP139749,2,13559614,NA,NA,NA,NA
PstI.TP254032,11,2066,NA,NA,NA,NA
PstI.TP244587,11,1996,NA,NA,NA,NA
PstI.TP861895,3,12987175,NA,NA,NA,NA
PstI.TP1268585,1,2988383,NA,NA,NA,NA
PstI.TP934142,4,194652,NA,NA,NA,NA
NsiI.TP465791,1,74820948,NA,NA,NA,NA
PstI.TP889862,1,72868614,NA,NA,NA,NA
PstI.TP532426,7,64966356,NA,NA,NA,NA
PstI.TP1100905,3,73743770,NA,NA,NA,NA
PstI.TP887121,10,55720067,NA,NA,NA,NA
PstI.TP1277784,3,3752097,NA,NA,NA,NA
NsiI.TP500617,6,55386702,NA,NA,NA,NA
PstI.TP858716,3,66525528,NA,NA,NA,NA
PstI.TP29613,3,56968925,NA,NA,NA,NA
PstI.TP639947,5,3135429,NA,NA,NA,NA
NsiI.TP193091,1,77956626,NA,NA,NA,NA
PstI.TP125060,9,6374194,NA,NA,NA,NA
PstI.TP778311,4,4451472,NA,NA,NA,NA
PstI.TP831757,3,3676028,NA,NA,NA,NA
NsiI.TP453296,1,15160906,NA,NA,NA,NA
PstI.TP819907,6,6739141,NA,NA,NA,NA
PstI.TP324481,3,51536521,NA,NA,NA,NA
PstI.TP16576,6,51508909,NA,NA,NA,NA
PstI.TP884637,6,26390736,NA,NA,NA,NA
PstI.TP1043816,4,10208138,NA,NA,NA,NA
NsiI.TP502025,2,75191746,NA,NA,NA,NA
PstI.TP25085,11,193,NA,NA,NA,NA
PstI.TP203554,10,2133696,NA,NA,NA,NA
NsiI.TP457548,1,76928921,NA,NA,NA,NA
NsiI.TP48486,11,9715,NA,NA,NA,NA
PstI.TP308387,1,12249163,NA,NA,NA,NA
PstI.TP961085,1,3705536,NA,NA,NA,NA
NsiI.TP28119,11,9435,NA,NA,NA,NA
PstI.TP1200707,4,58878410,NA,NA,NA,NA
PstI.TP490779,11,3725,NA,NA,NA,NA
PstI.TP534942,3,4552949,NA,NA,NA,NA
PstI.TP397772,10,13563411,NA,NA,NA,NA
PstI.TP1177553,4,67453726,NA,NA,NA,NA
PstI.TP52592,1,76810927,NA,NA,NA,NA
PstI.TP1267977,1,3576713,NA,NA,NA,NA
PstI.TP297282,2,5214604,NA,NA,NA,NA
PstI.TP1197361,4,52473553,NA,NA,NA,NA
PstI.TP745827,1,9270379,NA,NA,NA,NA
PstI.TP725292,3,4449847,NA,NA,NA,NA
PstI.TP681637,2,72313757,NA,NA,NA,NA
PstI.TP271772,7,57259256,NA,NA,NA,NA
PstI.TP1212297,11,8542,NA,NA,NA,NA
PstI.TP836370,2,74973263,NA,NA,NA,NA
PstI.TP250202,2,61270945,NA,NA,NA,NA
PstI.TP893577,6,53399705,NA,NA,NA,NA
PstI.TP708344,1,57964831,NA,NA,NA,NA
PstI.TP944343,8,51918904,NA,NA,NA,NA
PstI.TP469520,6,53807168,NA,NA,NA,NA
PstI.TP993272,2,58286678,NA,NA,NA,NA
PstI.TP1150061,1,72347889,NA,NA,NA,NA
PstI.TP995236,3,63809440,NA,NA,NA,NA
PstI.TP906726,3,3716611,NA,NA,NA,NA
NsiI.TP527741,10,55575641,NA,NA,NA,NA
PstI.TP549798,2,23212519,NA,NA,NA,NA
PstI.TP158908,11,1303,NA,NA,NA,NA
PstI.TP701939,11,789248,NA,NA,NA,NA
PstI.TP160752,11,1322,NA,NA,NA,NA
PstI.TP945656,8,20338622,NA,NA,NA,NA
PstI.TP931336,4,65707584,NA,NA,NA,NA
PstI.TP1118313,8,3139823,NA,NA,NA,NA
PstI.TP743824,4,68341653,NA,NA,NA,NA
PstI.TP513843,3,2577255,NA,NA,NA,NA
PstI.TP316648,9,55957859,NA,NA,NA,NA
PstI.TP770188,11,5317,NA,NA,NA,NA
PstI.TP506830,4,5166890,NA,NA,NA,NA
PstI.TP242731,3,28459042,NA,NA,NA,NA
NsiI.TP527435,3,7664263,NA,NA,NA,NA
PstI.TP1064534,3,1870807,NA,NA,NA,NA
NsiI.TP488601,1,6409370,NA,NA,NA,NA
PstI.TP1151415,11,8084,NA,NA,NA,NA
PstI.TP989059,4,54451954,NA,NA,NA,NA
PstI.TP213377,3,62690207,NA,NA,NA,NA
PstI.TP770204,3,67523376,NA,NA,NA,NA
PstI.TP150789,2,64840814,NA,NA,NA,NA
PstI.TP321113,7,2693846,NA,NA,NA,NA
NsiI.TP267317,1,63808055,NA,NA,NA,NA
PstI.TP844985,2,58637331,NA,NA,NA,NA
NsiI.TP667943,2,74406586,NA,NA,NA,NA
PstI.TP842278,6,59205393,NA,NA,NA,NA
PstI.TP581911,5,1401801,NA,NA,NA,NA
PstI.TP994751,10,60309696,NA,NA,NA,NA
PstI.TP241635,1,75313297,NA,NA,NA,NA
PstI.TP264010,1,57283338,NA,NA,NA,NA
PstI.TP165585,11,1359,NA,NA,NA,NA
PstI.TP728734,7,37735277,NA,NA,NA,NA
PstI.TP148299,4,61873463,NA,NA,NA,NA
PstI.TP548830,4,59544955,NA,NA,NA,NA
PstI.TP1195541,6,43320392,NA,NA,NA,NA
PstI.TP151617,1,78724834,NA,NA,NA,NA
PstI.TP721763,1,67560203,NA,NA,NA,NA
PstI.TP332893,2,63934460,NA,NA,NA,NA
PstI.TP1052445,9,53720191,NA,NA,NA,NA
PstI.TP929497,2,60716322,NA,NA,NA,NA
PstI.TP1165736,1,57192298,NA,NA,NA,NA
PstI.TP117569,4,64900260,NA,NA,NA,NA
PstI.TP1266869,6,48545495,NA,NA,NA,NA
PstI.TP1018061,6,49747202,NA,NA,NA,NA
PstI.TP607895,1,58398018,NA,NA,NA,NA
PstI.TP515294,7,61776176,NA,NA,NA,NA
PstI.TP998613,4,57808215,NA,NA,NA,NA
PstI.TP217199,1,78396312,NA,NA,NA,NA
PstI.TP6058,11,37,NA,NA,NA,NA
PstI.TP1012704,11,7027,NA,NA,NA,NA
PstI.TP963456,11,6700,NA,NA,NA,NA
PstI.TP1046125,6,48289644,NA,NA,NA,NA
PstI.TP408924,11,3165,NA,NA,NA,NA
PstI.TP413714,11,3202,NA,NA,NA,NA
PstI.TP759583,3,71370495,NA,NA,NA,NA
PstI.TP41440,3,59899767,NA,NA,NA,NA
PstI.TP1150046,4,55510631,NA,NA,NA,NA
PstI.TP312460,9,59408883,NA,NA,NA,NA
PstI.TP589466,11,4216,NA,NA,NA,NA
PstI.TP966312,6,54237208,NA,NA,NA,NA
PstI.TP643379,3,5147929,NA,NA,NA,NA
PstI.TP1022061,3,61377198,NA,NA,NA,NA
PstI.TP176380,9,58460036,NA,NA,NA,NA
PstI.TP1131586,6,52294517,NA,NA,NA,NA
PstI.TP921414,2,7249958,NA,NA,NA,NA
PstI.TP588109,1,78200524,NA,NA,NA,NA
PstI.TP198890,1,21626192,NA,NA,NA,NA
PstI.TP957163,9,44644697,NA,NA,NA,NA
PstI.TP849286,3,10316458,NA,NA,NA,NA
PstI.TP420801,1,62946889,NA,NA,NA,NA
NsiI.TP678570,11,17474,NA,NA,NA,NA
PstI.TP377610,1,9851445,NA,NA,NA,NA
PstI.TP552676,11,4085,NA,NA,NA,NA
PstI.TP377456,3,68183917,NA,NA,NA,NA
PstI.TP15637,11,124,NA,NA,NA,NA
PstI.TP106962,6,57047383,NA,NA,NA,NA
PstI.TP778226,4,7580398,NA,NA,NA,NA
PstI.TP377200,1,56910407,NA,NA,NA,NA
PstI.TP27579,7,4882106,NA,NA,NA,NA
PstI.TP754866,1,69204551,NA,NA,NA,NA
NsiI.TP769989,6,55440097,NA,NA,NA,NA
PstI.TP706479,2,14264983,NA,NA,NA,NA
PstI.TP864793,10,15183846,NA,NA,NA,NA
PstI.TP935651,4,66370793,NA,NA,NA,NA
PstI.TP612450,3,59785572,NA,NA,NA,NA
PstI.TP493468,2,4347785,NA,NA,NA,NA
PstI.TP841498,5,69228848,NA,NA,NA,NA
PstI.TP1027117,3,70383646,NA,NA,NA,NA
PstI.TP457393,1,60097068,NA,NA,NA,NA
PstI.TP1270259,3,73055182,NA,NA,NA,NA
PstI.TP51816,4,64961913,NA,NA,NA,NA
PstI.TP55980,11,467,NA,NA,NA,NA
PstI.TP1225179,6,56654494,NA,NA,NA,NA
NsiI.TP445017,9,55901846,NA,NA,NA,NA
PstI.TP83740,4,66329319,NA,NA,NA,NA
NsiI.TP739117,9,59004735,NA,NA,NA,NA
PstI.TP547229,1,6574881,NA,NA,NA,NA
PstI.TP117081,2,45986549,NA,NA,NA,NA
PstI.TP118367,11,977,NA,NA,NA,NA
PstI.TP1172215,11,8242,NA,NA,NA,NA
PstI.TP308053,1,8330660,NA,NA,NA,NA
PstI.TP130255,1,78156903,NA,NA,NA,NA
PstI.TP759023,6,46253378,NA,NA,NA,NA
PstI.TP831876,8,15839243,NA,NA,NA,NA
PstI.TP633023,11,4448,NA,NA,NA,NA
PstI.TP198433,6,56321576,NA,NA,NA,NA
PstI.TP433397,11,3321,NA,NA,NA,NA
PstI.TP275384,10,6327741,NA,NA,NA,NA
PstI.TP337951,4,40615943,NA,NA,NA,NA
PstI.TP115547,3,11558444,NA,NA,NA,NA
PstI.TP435100,6,52788813,NA,NA,NA,NA
PstI.TP712963,11,4936,NA,NA,NA,NA
PstI.TP256025,6,39923562,NA,NA,NA,NA
PstI.TP245404,1,79960134,NA,NA,NA,NA
PstI.TP1177494,1,71370263,NA,NA,NA,NA
PstI.TP360841,2,2832783,NA,NA,NA,NA
PstI.TP761935,1,22258955,NA,NA,NA,NA
PstI.TP1287230,7,7558451,NA,NA,NA,NA
PstI.TP13077,6,48336818,NA,NA,NA,NA
PstI.TP478050,3,63462498,NA,NA,NA,NA
PstI.TP775725,1,1175417,NA,NA,NA,NA
PstI.TP646044,9,89652,NA,NA,NA,NA
PstI.TP998803,9,51615898,NA,NA,NA,NA
PstI.TP1068006,3,51034769,NA,NA,NA,NA
PstI.TP1001032,4,6463834,NA,NA,NA,NA
PstI.TP810140,2,59709495,NA,NA,NA,NA
NsiI.TP800848,3,59007084,NA,NA,NA,NA
PstI.TP220192,7,42063325,NA,NA,NA,NA
PstI.TP374085,2,9617733,NA,NA,NA,NA
PstI.TP88913,6,50606419,NA,NA,NA,NA
NsiI.TP688992,4,66776482,NA,NA,NA,NA
PstI.TP1123778,2,61958273,NA,NA,NA,NA
PstI.TP343842,2,69334049,NA,NA,NA,NA
NsiI.TP441858,10,60928769,NA,NA,NA,NA
PstI.TP44348,2,61688094,NA,NA,NA,NA
PstI.TP1027663,11,7144,NA,NA,NA,NA
PstI.TP622318,7,63611772,NA,NA,NA,NA
PstI.TP80571,4,56807073,NA,NA,NA,NA
PstI.TP315020,1,77386737,NA,NA,NA,NA
PstI.TP525604,1,78648237,NA,NA,NA,NA
PstI.TP897370,5,3460663,NA,NA,NA,NA
PstI.TP76217,9,50041027,NA,NA,NA,NA
PstI.TP476949,1,5536792,NA,NA,NA,NA
PstI.TP998975,6,45505565,NA,NA,NA,NA
PstI.TP249196,8,60970122,NA,NA,NA,NA
PstI.TP299726,9,2970040,NA,NA,NA,NA
PstI.TP936135,11,6549,NA,NA,NA,NA
PstI.TP997632,9,10600783,NA,NA,NA,NA
PstI.TP65398,9,54033986,NA,NA,NA,NA
PstI.TP1120910,2,2555547,NA,NA,NA,NA
PstI.TP875578,4,55697620,NA,NA,NA,NA
PstI.TP364228,9,56945624,NA,NA,NA,NA
PstI.TP797083,3,58432596,NA,NA,NA,NA
PstI.TP816116,1,59685970,NA,NA,NA,NA
PstI.TP1054397,9,42375267,NA,NA,NA,NA
NsiI.TP445310,11,14390,NA,NA,NA,NA
PstI.TP483021,11,3661,NA,NA,NA,NA
PstI.TP1129300,4,64425706,NA,NA,NA,NA
PstI.TP179992,3,65808212,NA,NA,NA,NA
PstI.TP534174,8,57069014,NA,NA,NA,NA
PstI.TP951624,2,59246898,NA,NA,NA,NA
PstI.TP237442,3,60602220,NA,NA,NA,NA
PstI.TP1000873,7,57426488,NA,NA,NA,NA
PstI.TP846454,7,54554537,NA,NA,NA,NA
PstI.TP302415,11,2390,NA,NA,NA,NA
PstI.TP1282088,1,57117988,NA,NA,NA,NA
NsiI.TP56799,2,71751615,NA,NA,NA,NA
PstI.TP307588,1,4762662,NA,NA,NA,NA
NsiI.TP551839,11,15945,NA,NA,NA,NA
PstI.TP342466,2,4686314,NA,NA,NA,NA
PstI.TP990909,8,62111760,NA,NA,NA,NA
PstI.TP1079268,4,62919464,NA,NA,NA,NA
PstI.TP1205408,1,70741243,NA,NA,NA,NA
PstI.TP1270439,3,15756535,NA,NA,NA,NA
PstI.TP1171121,1,67376990,NA,NA,NA,NA
PstI.TP1201445,11,8486,NA,NA,NA,NA
PstI.TP728315,4,6366039,NA,NA,NA,NA
PstI.TP488889,1,10576905,NA,NA,NA,NA
PstI.TP593877,9,55077360,NA,NA,NA,NA
PstI.TP40244,11,333,NA,NA,NA,NA
PstI.TP617376,4,63931951,NA,NA,NA,NA
PstI.TP949988,6,50576836,NA,NA,NA,NA
PstI.TP227133,2,71118714,NA,NA,NA,NA
PstI.TP840565,2,31129874,NA,NA,NA,NA
PstI.TP197187,3,17294454,NA,NA,NA,NA
PstI.TP831823,10,52577215,NA,NA,NA,NA
PstI.TP925206,10,58730377,NA,NA,NA,NA
PstI.TP116123,1,5967108,NA,NA,NA,NA
PstI.TP781181,4,64170054,NA,NA,NA,NA
PstI.TP679208,7,2374884,NA,NA,NA,NA
PstI.TP95450,1,74768149,NA,NA,NA,NA
PstI.TP55941,6,51146867,NA,NA,NA,NA
NsiI.TP213158,2,67720379,NA,NA,NA,NA
PstI.TP1093731,2,67823974,NA,NA,NA,NA
NsiI.TP774307,3,3883631,NA,NA,NA,NA
PstI.TP342506,5,15673619,NA,NA,NA,NA
PstI.TP904740,11,6310,NA,NA,NA,NA
PstI.TP662534,3,16373499,NA,NA,NA,NA
PstI.TP177166,11,1456,NA,NA,NA,NA
PstI.TP624170,7,56509983,NA,NA,NA,NA
PstI.TP539951,4,3227883,NA,NA,NA,NA
PstI.TP619311,11,4342,NA,NA,NA,NA
PstI.TP780771,9,59133543,NA,NA,NA,NA
PstI.TP510044,1,31327463,NA,NA,NA,NA
PstI.TP855651,4,10722059,NA,NA,NA,NA
PstI.TP1136227,9,52020995,NA,NA,NA,NA
PstI.TP54880,8,1461814,NA,NA,NA,NA
PstI.TP391374,3,66712259,NA,NA,NA,NA
PstI.TP1046316,3,72119163,NA,NA,NA,NA
PstI.TP302093,1,8923298,NA,NA,NA,NA
PstI.TP385344,2,46664405,NA,NA,NA,NA
PstI.TP119386,5,372761,NA,NA,NA,NA
PstI.TP666274,11,4641,NA,NA,NA,NA
PstI.TP458499,1,19100550,NA,NA,NA,NA
NsiI.TP557652,10,55121411,NA,NA,NA,NA
PstI.TP1212476,1,73145262,NA,NA,NA,NA
PstI.TP1068347,7,62120815,NA,NA,NA,NA
PstI.TP533117,1,18662889,NA,NA,NA,NA
PstI.TP1004455,3,1576742,NA,NA,NA,NA
PstI.TP434977,1,79165905,NA,NA,NA,NA
PstI.TP569629,6,51517308,NA,NA,NA,NA
NsiI.TP39895,11,9610,NA,NA,NA,NA
PstI.TP1068317,11,7437,NA,NA,NA,NA
PstI.TP840235,3,50897546,NA,NA,NA,NA
PstI.TP1014598,10,12353077,NA,NA,NA,NA
PstI.TP1074331,1,21885836,NA,NA,NA,NA
PstI.TP163348,6,44550868,NA,NA,NA,NA
PstI.TP8376,4,59384691,NA,NA,NA,NA
PstI.TP1032333,3,3528771,NA,NA,NA,NA
PstI.TP404712,4,2511431,NA,NA,NA,NA
PstI.TP334179,6,58406668,NA,NA,NA,NA
NsiI.TP815402,9,55446804,NA,NA,NA,NA
PstI.TP886589,2,62498521,NA,NA,NA,NA
PstI.TP940999,3,66708999,NA,NA,NA,NA
PstI.TP140016,6,57096158,NA,NA,NA,NA
PstI.TP1251654,4,66716644,NA,NA,NA,NA
PstI.TP532736,2,62195730,NA,NA,NA,NA
PstI.TP927867,11,6492,NA,NA,NA,NA
PstI.TP15780,9,56211895,NA,NA,NA,NA
PstI.TP1124649,11,7892,NA,NA,NA,NA
PstI.TP710226,11,4924,NA,NA,NA,NA
PstI.TP456356,6,57185583,NA,NA,NA,NA
PstI.TP32081,10,516124,NA,NA,NA,NA
PstI.TP100651,11,821,NA,NA,NA,NA
PstI.TP459121,1,78162835,NA,NA,NA,NA
PstI.TP494133,11,3744,NA,NA,NA,NA
PstI.TP816739,1,64060896,NA,NA,NA,NA
PstI.TP923354,5,13005905,NA,NA,NA,NA
NsiI.TP39018,3,69197876,NA,NA,NA,NA
PstI.TP991040,8,1163254,NA,NA,NA,NA
NsiI.TP636278,9,5624719,NA,NA,NA,NA
PstI.TP790069,2,699673,NA,NA,NA,NA
PstI.TP993788,8,60518710,NA,NA,NA,NA
PstI.TP642761,11,4516,NA,NA,NA,NA
PstI.TP262001,6,54443824,NA,NA,NA,NA
NsiI.TP301361,10,8099842,NA,NA,NA,NA
PstI.TP804144,11,5574,NA,NA,NA,NA
PstI.TP1218439,9,53101439,NA,NA,NA,NA
PstI.TP726521,1,3535515,NA,NA,NA,NA
PstI.TP1204344,11,8498,NA,NA,NA,NA
PstI.TP1223116,2,55714459,NA,NA,NA,NA
NsiI.TP224257,3,67274437,NA,NA,NA,NA
PstI.TP974726,1,9504539,NA,NA,NA,NA
PstI.TP1201184,6,51500444,NA,NA,NA,NA
PstI.TP22664,10,60311066,NA,NA,NA,NA
PstI.TP957946,2,6015319,NA,NA,NA,NA
PstI.TP135750,8,2838380,NA,NA,NA,NA
PstI.TP345976,1,69318742,NA,NA,NA,NA
PstI.TP790783,11,5472,NA,NA,NA,NA
PstI.TP705967,1,5858828,NA,NA,NA,NA
PstI.TP288798,3,69828015,NA,NA,NA,NA
PstI.TP821727,3,51406610,NA,NA,NA,NA
PstI.TP411848,11,3188,NA,NA,NA,NA
PstI.TP774963,6,1911989,NA,NA,NA,NA
PstI.TP349853,6,46386872,NA,NA,NA,NA
PstI.TP114435,6,51935989,NA,NA,NA,NA
PstI.TP411298,1,77771698,NA,NA,NA,NA
PstI.TP966260,1,65795867,NA,NA,NA,NA
PstI.TP631928,11,4437,NA,NA,NA,NA
PstI.TP339012,4,23730556,NA,NA,NA,NA
PstI.TP937213,11,6556,NA,NA,NA,NA
PstI.TP314157,11,2482,NA,NA,NA,NA
PstI.TP98333,5,16130526,NA,NA,NA,NA
PstI.TP120265,1,9929566,NA,NA,NA,NA
PstI.TP195819,7,56569496,NA,NA,NA,NA
PstI.TP294151,11,2335,NA,NA,NA,NA
PstI.TP87823,2,12499508,NA,NA,NA,NA
PstI.TP1136919,6,6739369,NA,NA,NA,NA
PstI.TP900003,3,53586609,NA,NA,NA,NA
PstI.TP198015,3,67910785,NA,NA,NA,NA
PstI.TP786113,6,60914620,NA,NA,NA,NA
PstI.TP744473,3,61669976,NA,NA,NA,NA
PstI.TP890977,1,20013575,NA,NA,NA,NA
PstI.TP1181052,2,62344184,NA,NA,NA,NA
PstI.TP468115,1,69143489,NA,NA,NA,NA
PstI.TP811969,3,64051653,NA,NA,NA,NA
PstI.TP288176,11,2290,NA,NA,NA,NA
PstI.TP319571,1,11815150,NA,NA,NA,NA
PstI.TP265447,10,6324176,NA,NA,NA,NA
NsiI.TP304335,6,61272905,NA,NA,NA,NA
PstI.TP378140,3,63771773,NA,NA,NA,NA
PstI.TP776270,6,39667672,NA,NA,NA,NA
PstI.TP750514,2,62972310,NA,NA,NA,NA
PstI.TP653230,3,4507877,NA,NA,NA,NA
PstI.TP547968,11,4053,NA,NA,NA,NA
PstI.TP1293746,4,10710177,NA,NA,NA,NA
PstI.TP443810,11,3398,NA,NA,NA,NA
PstI.TP313639,4,51533595,NA,NA,NA,NA
PstI.TP39923,4,59505323,NA,NA,NA,NA
PstI.TP1005240,7,57259216,NA,NA,NA,NA
PstI.TP30555,6,58396527,NA,NA,NA,NA
PstI.TP277532,7,58749000,NA,NA,NA,NA
PstI.TP976712,8,6325153,NA,NA,NA,NA
PstI.TP53152,6,56671658,NA,NA,NA,NA
PstI.TP265377,9,56178766,NA,NA,NA,NA
NsiI.TP615967,11,16721,NA,NA,NA,NA
PstI.TP243328,2,58674737,NA,NA,NA,NA
PstI.TP1000572,4,59072057,NA,NA,NA,NA
PstI.TP893646,2,69747250,NA,NA,NA,NA
PstI.TP549546,10,1280519,NA,NA,NA,NA
NsiI.TP437987,11,14225,NA,NA,NA,NA
PstI.TP1281337,4,63140625,NA,NA,NA,NA
PstI.TP884909,1,23972025,NA,NA,NA,NA
PstI.TP712786,1,7449325,NA,NA,NA,NA
PstI.TP447641,10,6043610,NA,NA,NA,NA
PstI.TP839848,4,11496748,NA,NA,NA,NA
PstI.TP1198035,9,52938506,NA,NA,NA,NA
PstI.TP609001,3,50049992,NA,NA,NA,NA
PstI.TP80388,1,73626823,NA,NA,NA,NA
PstI.TP623813,10,10751887,NA,NA,NA,NA
PstI.TP788586,6,57442567,NA,NA,NA,NA
PstI.TP702632,6,57893518,NA,NA,NA,NA
PstI.TP94813,11,788,NA,NA,NA,NA
PstI.TP71898,8,55904365,NA,NA,NA,NA
PstI.TP170196,11,1398,NA,NA,NA,NA
PstI.TP568504,4,65671693,NA,NA,NA,NA
PstI.TP523465,2,75496167,NA,NA,NA,NA
PstI.TP630858,6,47185090,NA,NA,NA,NA
PstI.TP24650,4,62388602,NA,NA,NA,NA
PstI.TP1206060,2,69316419,NA,NA,NA,NA
PstI.TP604956,10,5628757,NA,NA,NA,NA
PstI.TP681191,6,51040947,NA,NA,NA,NA
NsiI.TP66906,1,66339343,NA,NA,NA,NA
PstI.TP510424,10,7091437,NA,NA,NA,NA
PstI.TP928184,9,58431631,NA,NA,NA,NA
NsiI.TP561476,3,6721083,NA,NA,NA,NA
PstI.TP835148,1,11456164,NA,NA,NA,NA
PstI.TP1091418,6,61060394,NA,NA,NA,NA
PstI.TP988947,2,76243149,NA,NA,NA,NA
PstI.TP863870,3,61525095,NA,NA,NA,NA
NsiI.TP452078,11,14486,NA,NA,NA,NA
PstI.TP963977,2,68012933,NA,NA,NA,NA
PstI.TP30317,6,54709438,NA,NA,NA,NA
PstI.TP741957,2,5655578,NA,NA,NA,NA
PstI.TP129649,11,1089,NA,NA,NA,NA
PstI.TP1148487,4,48397503,NA,NA,NA,NA
PstI.TP742405,9,3885435,NA,NA,NA,NA
PstI.TP508638,6,60618174,NA,NA,NA,NA
PstI.TP580644,6,47793342,NA,NA,NA,NA
PstI.TP781872,9,51135280,NA,NA,NA,NA
PstI.TP770341,11,5320,NA,NA,NA,NA
PstI.TP1217033,2,63330699,NA,NA,NA,NA
PstI.TP1025634,2,71277610,NA,NA,NA,NA
PstI.TP548709,2,61335066,NA,NA,NA,NA
NsiI.TP810468,6,52878123,NA,NA,NA,NA
PstI.TP1186531,5,1575450,NA,NA,NA,NA
PstI.TP262688,4,7128828,NA,NA,NA,NA
PstI.TP1199069,4,57736484,NA,NA,NA,NA
PstI.TP888368,3,63337334,NA,NA,NA,NA
PstI.TP588448,9,53165297,NA,NA,NA,NA
PstI.TP372159,6,397980,NA,NA,NA,NA
PstI.TP133743,4,55575218,NA,NA,NA,NA
PstI.TP338365,11,2666,NA,NA,NA,NA
PstI.TP815977,8,47698137,NA,NA,NA,NA
PstI.TP91738,2,75325372,NA,NA,NA,NA
PstI.TP516632,11,3891,NA,NA,NA,NA
PstI.TP945766,6,54258844,NA,NA,NA,NA
PstI.TP317655,3,70764880,NA,NA,NA,NA
PstI.TP364124,7,60271640,NA,NA,NA,NA
PstI.TP945872,7,60295761,NA,NA,NA,NA
PstI.TP947087,2,13610693,NA,NA,NA,NA
PstI.TP579186,1,19637965,NA,NA,NA,NA
PstI.TP780884,7,54360893,NA,NA,NA,NA
PstI.TP152056,5,64031521,NA,NA,NA,NA
PstI.TP428256,1,63323451,NA,NA,NA,NA
PstI.TP988157,6,48368305,NA,NA,NA,NA
PstI.TP271997,7,1839611,NA,NA,NA,NA
NsiI.TP661879,3,73421724,NA,NA,NA,NA
PstI.TP273678,3,12316343,NA,NA,NA,NA
PstI.TP580690,7,58775427,NA,NA,NA,NA
PstI.TP687743,1,69969234,NA,NA,NA,NA
PstI.TP402429,1,4990016,NA,NA,NA,NA
PstI.TP636093,11,4470,NA,NA,NA,NA
PstI.TP774033,7,64851531,NA,NA,NA,NA
PstI.TP140451,1,4460094,NA,NA,NA,NA
PstI.TP1062021,9,59189842,NA,NA,NA,NA
NsiI.TP401041,6,59883335,NA,NA,NA,NA
PstI.TP661203,4,57100807,NA,NA,NA,NA
PstI.TP1175096,11,8274,NA,NA,NA,NA
PstI.TP452799,1,52828554,NA,NA,NA,NA
PstI.TP124082,2,73100016,NA,NA,NA,NA
NsiI.TP268751,3,56723684,NA,NA,NA,NA
PstI.TP338409,6,59229037,NA,NA,NA,NA
NsiI.TP308443,11,12504,NA,NA,NA,NA
PstI.TP533660,9,13375469,NA,NA,NA,NA
PstI.TP886436,11,6196,NA,NA,NA,NA
PstI.TP1248832,3,65713285,NA,NA,NA,NA
NsiI.TP820576,2,73503160,NA,NA,NA,NA
PstI.TP1175461,11,8280,NA,NA,NA,NA
PstI.TP967103,7,57294054,NA,NA,NA,NA
PstI.TP197677,1,65249144,NA,NA,NA,NA
PstI.TP723879,10,51006962,NA,NA,NA,NA
PstI.TP525202,1,2884119,NA,NA,NA,NA
NsiI.TP379046,9,58431629,NA,NA,NA,NA
PstI.TP673057,3,68094426,NA,NA,NA,NA
PstI.TP1086412,2,16857975,NA,NA,NA,NA
PstI.TP509122,2,62099032,NA,NA,NA,NA
PstI.TP1259253,4,9921203,NA,NA,NA,NA
PstI.TP673282,4,65067106,NA,NA,NA,NA
PstI.TP446073,7,10755390,NA,NA,NA,NA
PstI.TP103806,11,849,NA,NA,NA,NA
PstI.TP639375,5,655773,NA,NA,NA,NA
PstI.TP1230532,11,8671,NA,NA,NA,NA
PstI.TP683907,1,4900973,NA,NA,NA,NA
PstI.TP891127,6,55263071,NA,NA,NA,NA
PstI.TP522018,8,61986171,NA,NA,NA,NA
PstI.TP1064081,3,9621573,NA,NA,NA,NA
PstI.TP751721,9,50513395,NA,NA,NA,NA
PstI.TP383705,9,46040507,NA,NA,NA,NA
PstI.TP981260,11,6804,NA,NA,NA,NA
NsiI.TP44015,3,59016749,NA,NA,NA,NA
PstI.TP34641,9,51765933,NA,NA,NA,NA
PstI.TP544748,1,73791429,NA,NA,NA,NA
NsiI.TP48541,11,9716,NA,NA,NA,NA
PstI.TP1000323,7,57848687,NA,NA,NA,NA
PstI.TP921434,3,71315794,NA,NA,NA,NA
PstI.TP475981,11,3612,NA,NA,NA,NA
PstI.TP1138376,1,51888724,NA,NA,NA,NA
PstI.TP639463,6,60717357,NA,NA,NA,NA
PstI.TP254236,11,2071,NA,NA,NA,NA
PstI.TP541336,3,50804241,NA,NA,NA,NA
NsiI.TP60459,4,59680771,NA,NA,NA,NA
PstI.TP1059573,1,3357749,NA,NA,NA,NA
PstI.TP762318,2,61355207,NA,NA,NA,NA
PstI.TP1025367,11,7121,NA,NA,NA,NA
PstI.TP938416,11,6563,NA,NA,NA,NA
NsiI.TP432863,4,67320729,NA,NA,NA,NA
NsiI.TP262182,7,38847042,NA,NA,NA,NA
PstI.TP434461,2,66813498,NA,NA,NA,NA
PstI.TP943645,10,536366,NA,NA,NA,NA
PstI.TP364873,11,2882,NA,NA,NA,NA
PstI.TP1248247,3,62346879,NA,NA,NA,NA
PstI.TP577735,2,9251583,NA,NA,NA,NA
PstI.TP826982,8,664718,NA,NA,NA,NA
PstI.TP750527,8,3822988,NA,NA,NA,NA
NsiI.TP430625,10,8144012,NA,NA,NA,NA
PstI.TP1173447,1,7571007,NA,NA,NA,NA
PstI.TP714651,5,2641756,NA,NA,NA,NA
PstI.TP30748,2,61112102,NA,NA,NA,NA
NsiI.TP487741,1,69506512,NA,NA,NA,NA
PstI.TP426523,11,3290,NA,NA,NA,NA
NsiI.TP440927,1,20252244,NA,NA,NA,NA
PstI.TP1181476,5,2299991,NA,NA,NA,NA
PstI.TP303544,6,48368263,NA,NA,NA,NA
PstI.TP896979,1,28970255,NA,NA,NA,NA
PstI.TP694159,3,61030989,NA,NA,NA,NA
PstI.TP618070,8,39449,NA,NA,NA,NA
PstI.TP1215732,2,57449553,NA,NA,NA,NA
PstI.TP964708,6,55409617,NA,NA,NA,NA
PstI.TP116169,4,62823977,NA,NA,NA,NA
PstI.TP529090,11,3947,NA,NA,NA,NA
PstI.TP413677,11,3201,NA,NA,NA,NA
PstI.TP154327,3,6603820,NA,NA,NA,NA
PstI.TP884447,1,69119836,NA,NA,NA,NA
PstI.TP982467,3,55023479,NA,NA,NA,NA
PstI.TP1046643,2,58595318,NA,NA,NA,NA
PstI.TP825325,11,5705,NA,NA,NA,NA
PstI.TP244901,11,1997,NA,NA,NA,NA
PstI.TP276796,11,2248,NA,NA,NA,NA
PstI.TP663427,1,70529598,NA,NA,NA,NA
PstI.TP1065133,1,75825553,NA,NA,NA,NA
NsiI.TP29266,11,9449,NA,NA,NA,NA
NsiI.TP560012,11,16067,NA,NA,NA,NA
NsiI.TP726942,11,18063,NA,NA,NA,NA
PstI.TP813929,6,48009958,NA,NA,NA,NA
PstI.TP96953,11,798,NA,NA,NA,NA
PstI.TP180949,1,70527436,NA,NA,NA,NA
PstI.TP1021339,2,63565830,NA,NA,NA,NA
PstI.TP59594,1,63737514,NA,NA,NA,NA
NsiI.TP663012,9,52480175,NA,NA,NA,NA
PstI.TP343679,11,2707,NA,NA,NA,NA
PstI.TP975012,3,68051383,NA,NA,NA,NA
PstI.TP132033,2,66024864,NA,NA,NA,NA
PstI.TP1151255,1,77213117,NA,NA,NA,NA
NsiI.TP367819,11,13197,NA,NA,NA,NA
PstI.TP535893,1,73975816,NA,NA,NA,NA
PstI.TP357677,1,76102511,NA,NA,NA,NA
PstI.TP802068,4,59707017,NA,NA,NA,NA
PstI.TP488184,1,70532632,NA,NA,NA,NA
NsiI.TP529124,3,63127607,NA,NA,NA,NA
PstI.TP1186327,2,8257580,NA,NA,NA,NA
PstI.TP44472,3,66531786,NA,NA,NA,NA
PstI.TP353803,1,78947488,NA,NA,NA,NA
PstI.TP366392,11,2894,NA,NA,NA,NA
PstI.TP1140972,3,3019093,NA,NA,NA,NA
PstI.TP1207922,10,55463410,NA,NA,NA,NA
PstI.TP474390,7,15569290,NA,NA,NA,NA
PstI.TP636369,7,5813087,NA,NA,NA,NA
PstI.TP735032,3,9654444,NA,NA,NA,NA
PstI.TP21889,1,3705780,NA,NA,NA,NA
PstI.TP178231,2,62690478,NA,NA,NA,NA
PstI.TP256850,6,49643828,NA,NA,NA,NA
PstI.TP876849,3,66050191,NA,NA,NA,NA
PstI.TP287063,5,36574210,NA,NA,NA,NA
NsiI.TP482264,1,66520178,NA,NA,NA,NA
PstI.TP1071605,11,7472,NA,NA,NA,NA
PstI.TP1242757,11,8753,NA,NA,NA,NA
PstI.TP272941,6,53317238,NA,NA,NA,NA
PstI.TP1157898,3,1576323,NA,NA,NA,NA
PstI.TP203977,8,2031282,NA,NA,NA,NA
PstI.TP360305,3,67764027,NA,NA,NA,NA
PstI.TP984525,10,58519750,NA,NA,NA,NA
PstI.TP803468,6,47699983,NA,NA,NA,NA
PstI.TP140856,4,4704020,NA,NA,NA,NA
NsiI.TP489646,11,15049,NA,NA,NA,NA
PstI.TP1068412,11,7438,NA,NA,NA,NA
PstI.TP744556,1,76101544,NA,NA,NA,NA
PstI.TP342343,8,60537164,NA,NA,NA,NA
NsiI.TP311989,9,49682483,NA,NA,NA,NA
PstI.TP1144768,1,78240904,NA,NA,NA,NA
PstI.TP323280,2,20594752,NA,NA,NA,NA
PstI.TP845869,2,9862801,NA,NA,NA,NA
PstI.TP774975,1,61157443,NA,NA,NA,NA
PstI.TP9799,11,72,NA,NA,NA,NA
PstI.TP188641,3,6088178,NA,NA,NA,NA
PstI.TP235160,11,1931,NA,NA,NA,NA
PstI.TP738055,7,61683923,NA,NA,NA,NA
PstI.TP803239,11,5565,NA,NA,NA,NA
PstI.TP665587,1,70753604,NA,NA,NA,NA
PstI.TP632941,2,59755581,NA,NA,NA,NA
PstI.TP939350,9,20082917,NA,NA,NA,NA
PstI.TP761159,4,5265528,NA,NA,NA,NA
PstI.TP955356,3,67880743,NA,NA,NA,NA
PstI.TP553319,1,77643893,NA,NA,NA,NA
PstI.TP622702,1,63849924,NA,NA,NA,NA
PstI.TP853014,3,11408141,NA,NA,NA,NA
PstI.TP1161045,2,61497818,NA,NA,NA,NA
PstI.TP847369,7,8209705,NA,NA,NA,NA
PstI.TP743016,3,63741878,NA,NA,NA,NA
PstI.TP473065,1,14979768,NA,NA,NA,NA
PstI.TP1206334,3,61963148,NA,NA,NA,NA
PstI.TP289185,9,57455890,NA,NA,NA,NA
PstI.TP202060,11,1652,NA,NA,NA,NA
PstI.TP228545,2,63881407,NA,NA,NA,NA
PstI.TP1027916,3,9697919,NA,NA,NA,NA
PstI.TP780145,9,54592677,NA,NA,NA,NA
PstI.TP85647,10,60886778,NA,NA,NA,NA
NsiI.TP426468,11,13949,NA,NA,NA,NA
PstI.TP724037,10,1796215,NA,NA,NA,NA
PstI.TP887215,6,51434149,NA,NA,NA,NA
PstI.TP292268,5,3450082,NA,NA,NA,NA
PstI.TP797415,11,5520,NA,NA,NA,NA
PstI.TP459190,10,53216840,NA,NA,NA,NA
PstI.TP335471,4,56710032,NA,NA,NA,NA
PstI.TP899837,4,2894449,NA,NA,NA,NA
PstI.TP795074,9,564192,NA,NA,NA,NA
PstI.TP477712,1,65237054,NA,NA,NA,NA
PstI.TP172804,1,79485436,NA,NA,NA,NA
PstI.TP1137784,7,10078994,NA,NA,NA,NA
PstI.TP925452,6,48400679,NA,NA,NA,NA
PstI.TP125348,7,63881820,NA,NA,NA,NA
NsiI.TP66114,9,57265279,NA,NA,NA,NA
PstI.TP1207347,1,72663921,NA,NA,NA,NA
PstI.TP393536,1,66632271,NA,NA,NA,NA
PstI.TP272307,1,6679965,NA,NA,NA,NA
NsiI.TP179278,2,61874011,NA,NA,NA,NA
PstI.TP208272,6,53679758,NA,NA,NA,NA
NsiI.TP235676,6,47234083,NA,NA,NA,NA
PstI.TP366456,11,2895,NA,NA,NA,NA
PstI.TP835882,7,58925507,NA,NA,NA,NA
PstI.TP1076182,6,47618418,NA,NA,NA,NA
PstI.TP59482,3,72881051,NA,NA,NA,NA
PstI.TP1256120,3,48694888,NA,NA,NA,NA
PstI.TP938200,2,54569410,NA,NA,NA,NA
PstI.TP48643,11,411,NA,NA,NA,NA
PstI.TP507933,11,3837,NA,NA,NA,NA
PstI.TP1216947,11,8569,NA,NA,NA,NA
PstI.TP773940,7,64822434,NA,NA,NA,NA
PstI.TP261556,7,2620886,NA,NA,NA,NA
PstI.TP229147,2,3390758,NA,NA,NA,NA
PstI.TP350443,10,53018412,NA,NA,NA,NA
NsiI.TP825138,6,43278106,NA,NA,NA,NA
NsiI.TP422015,11,13841,NA,NA,NA,NA
PstI.TP1238303,6,50987036,NA,NA,NA,NA
PstI.TP267509,9,51633931,NA,NA,NA,NA
PstI.TP647611,4,59195320,NA,NA,NA,NA
PstI.TP771928,11,5326,NA,NA,NA,NA
PstI.TP396501,3,62733946,NA,NA,NA,NA
PstI.TP18098,2,23769344,NA,NA,NA,NA
PstI.TP817132,11,5654,NA,NA,NA,NA
PstI.TP1115006,4,2397430,NA,NA,NA,NA
PstI.TP166292,10,8150237,NA,NA,NA,NA
PstI.TP996918,11,6924,NA,NA,NA,NA
PstI.TP693626,3,692292,NA,NA,NA,NA
PstI.TP725380,7,56007421,NA,NA,NA,NA
PstI.TP1272828,10,59027538,NA,NA,NA,NA
PstI.TP749310,2,9525754,NA,NA,NA,NA
PstI.TP314655,3,72791842,NA,NA,NA,NA
PstI.TP664215,11,4634,NA,NA,NA,NA
PstI.TP530646,11,3961,NA,NA,NA,NA
PstI.TP1090503,9,54050222,NA,NA,NA,NA
NsiI.TP800074,1,6979429,NA,NA,NA,NA
PstI.TP1171163,2,76656926,NA,NA,NA,NA
PstI.TP683701,10,10614565,NA,NA,NA,NA
PstI.TP387467,6,55340504,NA,NA,NA,NA
NsiI.TP148399,3,63530653,NA,NA,NA,NA
PstI.TP1025772,1,79665639,NA,NA,NA,NA
NsiI.TP158596,11,10873,NA,NA,NA,NA
PstI.TP1129801,1,6608649,NA,NA,NA,NA
PstI.TP1254873,7,56573089,NA,NA,NA,NA
PstI.TP901714,6,3915493,NA,NA,NA,NA
PstI.TP856852,1,1153760,NA,NA,NA,NA
PstI.TP937647,11,6560,NA,NA,NA,NA
PstI.TP975023,2,61638010,NA,NA,NA,NA
PstI.TP754297,9,52383960,NA,NA,NA,NA
PstI.TP140535,10,56266608,NA,NA,NA,NA
PstI.TP280352,11,2259,NA,NA,NA,NA
PstI.TP24110,4,52990968,NA,NA,NA,NA
PstI.TP770044,2,73737012,NA,NA,NA,NA
PstI.TP463088,11,3529,NA,NA,NA,NA
PstI.TP419219,9,1650258,NA,NA,NA,NA
PstI.TP28660,9,1970845,NA,NA,NA,NA
PstI.TP170658,4,45392020,NA,NA,NA,NA
PstI.TP773027,3,16863797,NA,NA,NA,NA
PstI.TP619305,1,79505879,NA,NA,NA,NA
PstI.TP984199,11,6827,NA,NA,NA,NA
NsiI.TP565172,3,944664,NA,NA,NA,NA
PstI.TP454285,2,63153549,NA,NA,NA,NA
PstI.TP318872,4,54744673,NA,NA,NA,NA
PstI.TP51516,10,8861492,NA,NA,NA,NA
NsiI.TP435960,10,45929366,NA,NA,NA,NA
PstI.TP31637,11,249,NA,NA,NA,NA
NsiI.TP521884,5,3858576,NA,NA,NA,NA
PstI.TP578565,2,63409175,NA,NA,NA,NA
PstI.TP851166,1,21305923,NA,NA,NA,NA
PstI.TP548274,7,51500731,NA,NA,NA,NA
PstI.TP941483,2,21521726,NA,NA,NA,NA
NsiI.TP364708,4,663022,NA,NA,NA,NA
PstI.TP1189383,4,60173881,NA,NA,NA,NA
PstI.TP455545,1,75986610,NA,NA,NA,NA
PstI.TP1204456,10,59574064,NA,NA,NA,NA
PstI.TP703969,1,80877289,NA,NA,NA,NA
PstI.TP22473,8,5375523,NA,NA,NA,NA
PstI.TP458650,3,63973238,NA,NA,NA,NA
PstI.TP1023385,6,43243324,NA,NA,NA,NA
PstI.TP710752,6,48096840,NA,NA,NA,NA
PstI.TP982139,4,41445278,NA,NA,NA,NA
PstI.TP451853,11,3460,NA,NA,NA,NA
PstI.TP617554,7,3245920,NA,NA,NA,NA
PstI.TP731332,11,5041,NA,NA,NA,NA
PstI.TP116867,3,62167764,NA,NA,NA,NA
PstI.TP39747,11,327,NA,NA,NA,NA
PstI.TP988008,4,53910327,NA,NA,NA,NA
PstI.TP1122752,2,56295956,NA,NA,NA,NA
PstI.TP1106149,1,10181736,NA,NA,NA,NA
NsiI.TP454955,1,79688846,NA,NA,NA,NA
PstI.TP424159,1,63417435,NA,NA,NA,NA
PstI.TP167190,7,62053736,NA,NA,NA,NA
PstI.TP933601,10,1659429,NA,NA,NA,NA
PstI.TP532325,5,18806244,NA,NA,NA,NA
PstI.TP680311,4,18313480,NA,NA,NA,NA
PstI.TP602287,7,10755063,NA,NA,NA,NA
NsiI.TP44825,1,70914156,NA,NA,NA,NA
PstI.TP82716,1,72737215,NA,NA,NA,NA
PstI.TP421127,4,57085377,NA,NA,NA,NA
PstI.TP141279,11,12718,NA,NA,NA,NA
PstI.TP1189297,1,50142670,NA,NA,NA,NA
PstI.TP682522,2,77263024,NA,NA,NA,NA
PstI.TP944699,6,43235510,NA,NA,NA,NA
PstI.TP1162168,1,50144561,NA,NA,NA,NA
NsiI.TP708852,11,17859,NA,NA,NA,NA
PstI.TP1264166,8,52135359,NA,NA,NA,NA
PstI.TP1266699,9,13714262,NA,NA,NA,NA
PstI.TP151981,10,54680742,NA,NA,NA,NA
PstI.TP1133775,1,23057893,NA,NA,NA,NA
NsiI.TP57495,11,9811,NA,NA,NA,NA
PstI.TP27966,11,215,NA,NA,NA,NA
PstI.TP1047587,1,73170480,NA,NA,NA,NA
PstI.TP391279,2,70925840,NA,NA,NA,NA
PstI.TP88428,11,740,NA,NA,NA,NA
PstI.TP1013004,7,23934216,NA,NA,NA,NA
PstI.TP1084987,1,78521283,NA,NA,NA,NA
PstI.TP856013,11,5962,NA,NA,NA,NA
PstI.TP606465,1,75416261,NA,NA,NA,NA
PstI.TP862169,7,60979712,NA,NA,NA,NA
PstI.TP150197,1,30650620,NA,NA,NA,NA
PstI.TP480160,6,51153057,NA,NA,NA,NA
PstI.TP70600,9,46098921,NA,NA,NA,NA
PstI.TP776110,6,55103901,NA,NA,NA,NA
PstI.TP109054,11,901,NA,NA,NA,NA
PstI.TP360583,2,76751283,NA,NA,NA,NA
PstI.TP952007,6,56158074,NA,NA,NA,NA
PstI.TP678255,1,67745947,NA,NA,NA,NA
PstI.TP262789,3,72159095,NA,NA,NA,NA
NsiI.TP383667,7,419094,NA,NA,NA,NA
PstI.TP1268195,6,52307532,NA,NA,NA,NA
PstI.TP115189,2,41366046,NA,NA,NA,NA
PstI.TP1147160,7,44396170,NA,NA,NA,NA
PstI.TP674153,1,78459110,NA,NA,NA,NA
PstI.TP1099085,10,7953720,NA,NA,NA,NA
PstI.TP1294018,1,2280325,NA,NA,NA,NA
PstI.TP133948,4,3870704,NA,NA,NA,NA
PstI.TP446782,4,63627667,NA,NA,NA,NA
PstI.TP719095,9,1109109,NA,NA,NA,NA
PstI.TP351433,11,2768,NA,NA,NA,NA
PstI.TP153473,2,49922484,NA,NA,NA,NA
PstI.TP1025940,6,51870695,NA,NA,NA,NA
PstI.TP433676,2,75336590,NA,NA,NA,NA
PstI.TP1198735,11,8470,NA,NA,NA,NA
PstI.TP382139,4,11514958,NA,NA,NA,NA
PstI.TP483070,10,10615158,NA,NA,NA,NA
PstI.TP1114836,3,3245214,NA,NA,NA,NA
PstI.TP789962,2,75761816,NA,NA,NA,NA
PstI.TP235061,7,62394616,NA,NA,NA,NA
PstI.TP420086,1,68042057,NA,NA,NA,NA
PstI.TP550663,11,4077,NA,NA,NA,NA
PstI.TP169712,10,6068006,NA,NA,NA,NA
PstI.TP187548,10,53478010,NA,NA,NA,NA
PstI.TP1027226,10,5400847,NA,NA,NA,NA
PstI.TP318422,3,54362877,NA,NA,NA,NA
PstI.TP48113,11,409,NA,NA,NA,NA
PstI.TP411131,4,50796187,NA,NA,NA,NA
PstI.TP108652,2,15963619,NA,NA,NA,NA
PstI.TP1292760,3,66753576,NA,NA,NA,NA
PstI.TP10552,11,79,NA,NA,NA,NA
NsiI.TP476728,3,67867988,NA,NA,NA,NA
PstI.TP56167,5,66355886,NA,NA,NA,NA
PstI.TP498398,1,10010021,NA,NA,NA,NA
PstI.TP1274931,7,61404400,NA,NA,NA,NA
PstI.TP949077,4,7122037,NA,NA,NA,NA
PstI.TP91130,1,72585815,NA,NA,NA,NA
PstI.TP1131100,1,75760470,NA,NA,NA,NA
NsiI.TP457948,4,10479967,NA,NA,NA,NA
PstI.TP762971,11,5268,NA,NA,NA,NA
PstI.TP769015,4,60173826,NA,NA,NA,NA
PstI.TP931840,6,60969038,NA,NA,NA,NA
PstI.TP860893,2,70230959,NA,NA,NA,NA
NsiI.TP509771,7,63795912,NA,NA,NA,NA
PstI.TP303248,11,2396,NA,NA,NA,NA
PstI.TP1239144,1,20685889,NA,NA,NA,NA
PstI.TP516137,10,8551151,NA,NA,NA,NA
PstI.TP1109485,10,54131399,NA,NA,NA,NA
PstI.TP709057,6,54629080,NA,NA,NA,NA
PstI.TP210200,11,1720,NA,NA,NA,NA
PstI.TP718962,4,252030,NA,NA,NA,NA
PstI.TP1053336,1,3955998,NA,NA,NA,NA
PstI.TP1212372,10,6070004,NA,NA,NA,NA
PstI.TP1221179,1,78509132,NA,NA,NA,NA
PstI.TP97518,1,17476051,NA,NA,NA,NA
PstI.TP237881,11,1949,NA,NA,NA,NA
NsiI.TP827851,4,12330408,NA,NA,NA,NA
PstI.TP971832,4,66161848,NA,NA,NA,NA
PstI.TP703574,4,5441522,NA,NA,NA,NA
PstI.TP10692,11,83,NA,NA,NA,NA
PstI.TP453426,11,3473,NA,NA,NA,NA
PstI.TP249057,1,73523293,NA,NA,NA,NA
NsiI.TP317101,3,61771383,NA,NA,NA,NA
PstI.TP1259171,1,79892318,NA,NA,NA,NA
PstI.TP325811,3,54129392,NA,NA,NA,NA
PstI.TP836173,11,5793,NA,NA,NA,NA
PstI.TP683199,10,56630287,NA,NA,NA,NA
PstI.TP773311,1,71563448,NA,NA,NA,NA
PstI.TP1008253,2,61356637,NA,NA,NA,NA
PstI.TP481755,1,51889649,NA,NA,NA,NA
NsiI.TP282888,2,675031,NA,NA,NA,NA
NsiI.TP652621,6,56522972,NA,NA,NA,NA
PstI.TP345529,6,60263361,NA,NA,NA,NA
PstI.TP836656,2,74973104,NA,NA,NA,NA
PstI.TP802166,3,66915037,NA,NA,NA,NA
PstI.TP444076,11,3404,NA,NA,NA,NA
PstI.TP424566,1,8533790,NA,NA,NA,NA
NsiI.TP7588,2,74438360,NA,NA,NA,NA
NsiI.TP525011,10,450727,NA,NA,NA,NA
PstI.TP315072,8,3139123,NA,NA,NA,NA
NsiI.TP148773,1,285352,NA,NA,NA,NA
PstI.TP530550,10,10541144,NA,NA,NA,NA
PstI.TP875573,3,60804814,NA,NA,NA,NA
PstI.TP590182,1,71928782,NA,NA,NA,NA
PstI.TP904259,3,66075604,NA,NA,NA,NA
PstI.TP1277536,2,23996480,NA,NA,NA,NA
PstI.TP306737,3,71220834,NA,NA,NA,NA
PstI.TP1216566,1,79599777,NA,NA,NA,NA
PstI.TP171713,4,6902976,NA,NA,NA,NA
PstI.TP82969,11,695,NA,NA,NA,NA
NsiI.TP221891,11,11610,NA,NA,NA,NA
PstI.TP1217016,3,11532831,NA,NA,NA,NA
PstI.TP195822,7,60945564,NA,NA,NA,NA
PstI.TP691322,7,15663756,NA,NA,NA,NA
PstI.TP865711,11,6040,NA,NA,NA,NA
PstI.TP673993,7,55674206,NA,NA,NA,NA
PstI.TP961110,1,65184135,NA,NA,NA,NA
PstI.TP1134151,11,7953,NA,NA,NA,NA
PstI.TP1172225,6,3890042,NA,NA,NA,NA
PstI.TP1010078,3,67023433,NA,NA,NA,NA
NsiI.TP441346,7,62861283,NA,NA,NA,NA
PstI.TP256804,4,2309598,NA,NA,NA,NA
PstI.TP791364,11,5478,NA,NA,NA,NA
NsiI.TP545621,10,43191875,NA,NA,NA,NA
PstI.TP532345,9,38275195,NA,NA,NA,NA
PstI.TP51995,2,74836619,NA,NA,NA,NA
PstI.TP822327,1,56871868,NA,NA,NA,NA
PstI.TP1169832,4,56534152,NA,NA,NA,NA
PstI.TP452304,3,2977792,NA,NA,NA,NA
PstI.TP642933,6,57096182,NA,NA,NA,NA
NsiI.TP114895,3,2441296,NA,NA,NA,NA
PstI.TP83264,6,56897554,NA,NA,NA,NA
PstI.TP720409,1,58165134,NA,NA,NA,NA
PstI.TP1022538,10,9427594,NA,NA,NA,NA
PstI.TP834454,11,5776,NA,NA,NA,NA
PstI.TP1244481,2,75457518,NA,NA,NA,NA
PstI.TP378778,1,54121051,NA,NA,NA,NA
PstI.TP262611,11,2127,NA,NA,NA,NA
PstI.TP870602,9,49267255,NA,NA,NA,NA
PstI.TP775752,10,41350986,NA,NA,NA,NA
PstI.TP789303,3,2503265,NA,NA,NA,NA
PstI.TP1157245,11,8123,NA,NA,NA,NA
NsiI.TP488350,3,53232085,NA,NA,NA,NA
PstI.TP352846,1,71717994,NA,NA,NA,NA
PstI.TP99687,10,5558897,NA,NA,NA,NA
PstI.TP306460,5,13194806,NA,NA,NA,NA
PstI.TP924658,1,65264909,NA,NA,NA,NA
PstI.TP827144,3,65732872,NA,NA,NA,NA
PstI.TP875104,3,1447825,NA,NA,NA,NA
PstI.TP1057943,11,7366,NA,NA,NA,NA
PstI.TP584580,11,4194,NA,NA,NA,NA
NsiI.TP717243,4,68249333,NA,NA,NA,NA
PstI.TP480204,7,17216627,NA,NA,NA,NA
PstI.TP47278,3,61828317,NA,NA,NA,NA
PstI.TP326062,4,62667190,NA,NA,NA,NA
PstI.TP745087,3,71534823,NA,NA,NA,NA
PstI.TP530837,1,65836675,NA,NA,NA,NA
PstI.TP1038828,9,59381929,NA,NA,NA,NA
PstI.TP69372,11,576,NA,NA,NA,NA
NsiI.TP39740,2,186613,NA,NA,NA,NA
PstI.TP298371,1,19099334,NA,NA,NA,NA
PstI.TP325958,3,54129415,NA,NA,NA,NA
PstI.TP1247989,11,8785,NA,NA,NA,NA
PstI.TP350614,9,2097298,NA,NA,NA,NA
PstI.TP698749,5,6782266,NA,NA,NA,NA
NsiI.TP580323,3,18001535,NA,NA,NA,NA
PstI.TP529734,2,65604246,NA,NA,NA,NA
PstI.TP1262700,11,8891,NA,NA,NA,NA
PstI.TP636397,2,65617813,NA,NA,NA,NA
PstI.TP132021,11,1110,NA,NA,NA,NA
PstI.TP820804,2,72096898,NA,NA,NA,NA
PstI.TP663882,7,57555118,NA,NA,NA,NA
PstI.TP913069,7,37614334,NA,NA,NA,NA
NsiI.TP570294,11,16176,NA,NA,NA,NA
PstI.TP631340,6,54158095,NA,NA,NA,NA
PstI.TP446471,10,19412076,NA,NA,NA,NA
PstI.TP338917,3,70919217,NA,NA,NA,NA
PstI.TP433372,7,840822,NA,NA,NA,NA
PstI.TP842611,11,5834,NA,NA,NA,NA
PstI.TP676134,9,57652835,NA,NA,NA,NA
PstI.TP805691,4,66925540,NA,NA,NA,NA
PstI.TP532669,4,3498516,NA,NA,NA,NA
NsiI.TP360999,1,10465743,NA,NA,NA,NA
PstI.TP798504,8,58863921,NA,NA,NA,NA
PstI.TP273553,5,52197136,NA,NA,NA,NA
PstI.TP1127994,4,66065200,NA,NA,NA,NA
PstI.TP8762,3,66427331,NA,NA,NA,NA
PstI.TP81008,11,677,NA,NA,NA,NA
PstI.TP189129,1,73890221,NA,NA,NA,NA
PstI.TP881941,11,6157,NA,NA,NA,NA
PstI.TP529698,10,49892865,NA,NA,NA,NA
PstI.TP907836,3,63143644,NA,NA,NA,NA
PstI.TP1123350,9,49499779,NA,NA,NA,NA
PstI.TP1125548,8,9735387,NA,NA,NA,NA
PstI.TP826904,1,71509086,NA,NA,NA,NA
PstI.TP901866,2,7365029,NA,NA,NA,NA
PstI.TP577286,1,68698894,NA,NA,NA,NA
PstI.TP1045708,1,69041513,NA,NA,NA,NA
PstI.TP822493,7,8114551,NA,NA,NA,NA
PstI.TP1200270,2,13518060,NA,NA,NA,NA
PstI.TP229546,2,74208278,NA,NA,NA,NA
NsiI.TP424155,11,13899,NA,NA,NA,NA
PstI.TP339945,11,2686,NA,NA,NA,NA
PstI.TP1106767,8,18038551,NA,NA,NA,NA
PstI.TP533375,11,3989,NA,NA,NA,NA
PstI.TP113896,6,40079998,NA,NA,NA,NA
PstI.TP1014707,1,60949616,NA,NA,NA,NA
PstI.TP720344,6,53705499,NA,NA,NA,NA
PstI.TP1022383,2,63575726,NA,NA,NA,NA
PstI.TP799542,5,1321222,NA,NA,NA,NA
PstI.TP210723,6,53519176,NA,NA,NA,NA
PstI.TP521787,2,70479993,NA,NA,NA,NA
PstI.TP166492,6,2200069,NA,NA,NA,NA
PstI.TP356253,8,3819223,NA,NA,NA,NA
PstI.TP837802,1,78565577,NA,NA,NA,NA
PstI.TP569914,5,1262747,NA,NA,NA,NA
PstI.TP310118,11,2455,NA,NA,NA,NA
PstI.TP209435,11,1713,NA,NA,NA,NA
PstI.TP543247,4,5947998,NA,NA,NA,NA
NsiI.TP442700,8,62545114,NA,NA,NA,NA
PstI.TP98480,11,808,NA,NA,NA,NA
PstI.TP615521,8,58093270,NA,NA,NA,NA
PstI.TP57846,4,4201581,NA,NA,NA,NA
NsiI.TP181198,8,55572072,NA,NA,NA,NA
PstI.TP770895,1,13263569,NA,NA,NA,NA
PstI.TP197948,2,18537474,NA,NA,NA,NA
PstI.TP948861,2,68614882,NA,NA,NA,NA
PstI.TP777254,11,5366,NA,NA,NA,NA
PstI.TP1000965,6,57296544,NA,NA,NA,NA
PstI.TP926743,3,3522183,NA,NA,NA,NA
PstI.TP176880,1,28241729,NA,NA,NA,NA
PstI.TP901498,10,59750699,NA,NA,NA,NA
PstI.TP684655,1,5379329,NA,NA,NA,NA
PstI.TP845769,4,2010929,NA,NA,NA,NA
PstI.TP525574,6,53705599,NA,NA,NA,NA
PstI.TP249296,2,57415075,NA,NA,NA,NA
NsiI.TP615624,1,65289533,NA,NA,NA,NA
PstI.TP1076746,7,1802206,NA,NA,NA,NA
PstI.TP824467,6,48440964,NA,NA,NA,NA
PstI.TP270940,5,68495452,NA,NA,NA,NA
PstI.TP533938,6,3839549,NA,NA,NA,NA
PstI.TP65472,2,55384747,NA,NA,NA,NA
PstI.TP299340,4,50252276,NA,NA,NA,NA
PstI.TP930877,3,74253026,NA,NA,NA,NA
PstI.TP419801,8,1077354,NA,NA,NA,NA
PstI.TP148680,1,67724801,NA,NA,NA,NA
PstI.TP883382,11,6167,NA,NA,NA,NA
PstI.TP139507,11,1154,NA,NA,NA,NA
PstI.TP747280,5,12790396,NA,NA,NA,NA
PstI.TP568763,10,55874415,NA,NA,NA,NA
NsiI.TP608142,11,16637,NA,NA,NA,NA
PstI.TP343293,10,19939931,NA,NA,NA,NA
PstI.TP425439,2,73607787,NA,NA,NA,NA
PstI.TP377612,1,9851429,NA,NA,NA,NA
PstI.TP1016623,7,64210878,NA,NA,NA,NA
PstI.TP12746,6,47840509,NA,NA,NA,NA
PstI.TP995394,9,50625938,NA,NA,NA,NA
PstI.TP864305,1,77077806,NA,NA,NA,NA
PstI.TP1227925,6,50604731,NA,NA,NA,NA
PstI.TP30142,6,54712768,NA,NA,NA,NA
PstI.TP390724,1,9756005,NA,NA,NA,NA
PstI.TP292029,11,2312,NA,NA,NA,NA
NsiI.TP751924,2,67349192,NA,NA,NA,NA
PstI.TP897101,11,6253,NA,NA,NA,NA
PstI.TP835300,1,78565589,NA,NA,NA,NA
PstI.TP724567,11,5004,NA,NA,NA,NA
PstI.TP874561,11,6100,NA,NA,NA,NA
PstI.TP753660,4,67859176,NA,NA,NA,NA
PstI.TP707693,4,5818754,NA,NA,NA,NA
PstI.TP546331,1,59140499,NA,NA,NA,NA
PstI.TP1167747,1,56262223,NA,NA,NA,NA
PstI.TP814593,7,58562479,NA,NA,NA,NA
PstI.TP1226997,3,69008840,NA,NA,NA,NA
PstI.TP195741,3,67699319,NA,NA,NA,NA
PstI.TP197681,7,2110172,NA,NA,NA,NA
PstI.TP1178906,2,60492006,NA,NA,NA,NA
PstI.TP941904,11,6590,NA,NA,NA,NA
PstI.TP985838,3,58380810,NA,NA,NA,NA
PstI.TP999740,1,569491,NA,NA,NA,NA
NsiI.TP148994,4,66874533,NA,NA,NA,NA
PstI.TP875252,6,59755110,NA,NA,NA,NA
NsiI.TP363762,11,13147,NA,NA,NA,NA
PstI.TP1050629,4,60884477,NA,NA,NA,NA
PstI.TP291849,1,5571398,NA,NA,NA,NA
NsiI.TP752278,11,18344,NA,NA,NA,NA
PstI.TP1000389,7,44396572,NA,NA,NA,NA
PstI.TP1107212,3,326411,NA,NA,NA,NA
PstI.TP10997,6,57974142,NA,NA,NA,NA
PstI.TP457434,4,15595824,NA,NA,NA,NA
PstI.TP1038470,10,2596422,NA,NA,NA,NA
NsiI.TP540352,11,15795,NA,NA,NA,NA
PstI.TP436494,1,71906250,NA,NA,NA,NA
PstI.TP1009864,11,7007,NA,NA,NA,NA
PstI.TP543102,11,4035,NA,NA,NA,NA
PstI.TP1005929,7,40209050,NA,NA,NA,NA
PstI.TP1137764,1,7486769,NA,NA,NA,NA
NsiI.TP338280,6,53961287,NA,NA,NA,NA
PstI.TP1162955,11,8169,NA,NA,NA,NA
PstI.TP429798,11,3313,NA,NA,NA,NA
PstI.TP192722,7,59027066,NA,NA,NA,NA
PstI.TP345830,9,59281758,NA,NA,NA,NA
PstI.TP729343,11,5026,NA,NA,NA,NA
PstI.TP846064,10,19421525,NA,NA,NA,NA
PstI.TP409444,11,3169,NA,NA,NA,NA
PstI.TP1022791,6,56560248,NA,NA,NA,NA
PstI.TP246975,3,19673688,NA,NA,NA,NA
PstI.TP580104,2,5389101,NA,NA,NA,NA
PstI.TP625512,4,7338212,NA,NA,NA,NA
PstI.TP541399,9,58259418,NA,NA,NA,NA
PstI.TP714065,4,62405622,NA,NA,NA,NA
PstI.TP745785,6,45615805,NA,NA,NA,NA
PstI.TP810363,3,8828897,NA,NA,NA,NA
PstI.TP283944,4,58233546,NA,NA,NA,NA
PstI.TP606496,3,62018965,NA,NA,NA,NA
PstI.TP1165391,2,69968329,NA,NA,NA,NA
PstI.TP753697,4,2038364,NA,NA,NA,NA
NsiI.TP36278,10,56255147,NA,NA,NA,NA
PstI.TP504809,4,5155593,NA,NA,NA,NA
PstI.TP319342,5,71584607,NA,NA,NA,NA
PstI.TP1143289,11,8009,NA,NA,NA,NA
PstI.TP1252197,1,5912854,NA,NA,NA,NA
PstI.TP1013203,4,63222160,NA,NA,NA,NA
PstI.TP678449,3,6895124,NA,NA,NA,NA
PstI.TP1217836,6,58435510,NA,NA,NA,NA
PstI.TP731868,3,62811145,NA,NA,NA,NA
NsiI.TP439808,3,13233852,NA,NA,NA,NA
PstI.TP269037,10,15276368,NA,NA,NA,NA
PstI.TP794569,2,3715278,NA,NA,NA,NA
PstI.TP360715,10,58959795,NA,NA,NA,NA
PstI.TP219584,2,3429973,NA,NA,NA,NA
PstI.TP384804,2,65029446,NA,NA,NA,NA
PstI.TP317521,4,66042591,NA,NA,NA,NA
PstI.TP470160,2,1964484,NA,NA,NA,NA
PstI.TP882242,5,68630849,NA,NA,NA,NA
PstI.TP1038754,8,58785840,NA,NA,NA,NA
PstI.TP1168534,7,5203859,NA,NA,NA,NA
PstI.TP1024604,4,59621675,NA,NA,NA,NA
PstI.TP397988,4,54041708,NA,NA,NA,NA
PstI.TP136422,3,60253262,NA,NA,NA,NA
PstI.TP596173,6,60494225,NA,NA,NA,NA
PstI.TP936449,11,6553,NA,NA,NA,NA
PstI.TP310149,11,2456,NA,NA,NA,NA
PstI.TP908401,4,47909121,NA,NA,NA,NA
PstI.TP450060,7,8209747,NA,NA,NA,NA
PstI.TP738881,2,57512325,NA,NA,NA,NA
PstI.TP433679,11,3324,NA,NA,NA,NA
PstI.TP1231486,2,73904492,NA,NA,NA,NA
PstI.TP953364,9,41929468,NA,NA,NA,NA
NsiI.TP575618,7,3778581,NA,NA,NA,NA
PstI.TP503391,2,73095782,NA,NA,NA,NA
PstI.TP476886,2,55394288,NA,NA,NA,NA
PstI.TP718531,3,10722354,NA,NA,NA,NA
PstI.TP77067,1,79664579,NA,NA,NA,NA
PstI.TP545419,3,2528853,NA,NA,NA,NA
PstI.TP833275,1,77225365,NA,NA,NA,NA
NsiI.TP146220,1,13426299,NA,NA,NA,NA
NsiI.TP229964,9,54430662,NA,NA,NA,NA
PstI.TP1158265,11,8131,NA,NA,NA,NA
PstI.TP1216346,7,1189753,NA,NA,NA,NA
PstI.TP164155,11,1353,NA,NA,NA,NA
PstI.TP180781,3,54937150,NA,NA,NA,NA
PstI.TP334182,1,74360210,NA,NA,NA,NA
PstI.TP1184603,3,2835614,NA,NA,NA,NA
PstI.TP284290,10,1529382,NA,NA,NA,NA
PstI.TP797211,9,47975853,NA,NA,NA,NA
PstI.TP1027534,10,53709062,NA,NA,NA,NA
PstI.TP442698,6,59971726,NA,NA,NA,NA
PstI.TP636509,10,765968,NA,NA,NA,NA
PstI.TP651505,10,11456346,NA,NA,NA,NA
PstI.TP1087906,11,7591,NA,NA,NA,NA
PstI.TP444248,11,3408,NA,NA,NA,NA
NsiI.TP164112,2,75774037,NA,NA,NA,NA
PstI.TP14467,10,3103147,NA,NA,NA,NA
PstI.TP774948,9,243415,NA,NA,NA,NA
PstI.TP1045605,6,49825862,NA,NA,NA,NA
PstI.TP70014,4,5572416,NA,NA,NA,NA
PstI.TP178843,10,51681279,NA,NA,NA,NA
NsiI.TP441693,3,2660294,NA,NA,NA,NA
PstI.TP1248173,9,54556422,NA,NA,NA,NA
PstI.TP338468,11,2668,NA,NA,NA,NA
PstI.TP798238,3,73087364,NA,NA,NA,NA
PstI.TP842838,6,60343852,NA,NA,NA,NA
PstI.TP1164091,6,56319647,NA,NA,NA,NA
PstI.TP1081008,2,71118803,NA,NA,NA,NA
PstI.TP1222662,3,63583875,NA,NA,NA,NA
PstI.TP1023443,2,4929930,NA,NA,NA,NA
PstI.TP5684,11,34,NA,NA,NA,NA
PstI.TP548121,9,58253929,NA,NA,NA,NA
PstI.TP973605,1,7933170,NA,NA,NA,NA
PstI.TP647641,8,61103675,NA,NA,NA,NA
PstI.TP858165,6,48555209,NA,NA,NA,NA
PstI.TP695158,2,55008713,NA,NA,NA,NA
PstI.TP812943,2,61589887,NA,NA,NA,NA
PstI.TP54669,11,453,NA,NA,NA,NA
PstI.TP641744,2,61738293,NA,NA,NA,NA
PstI.TP470828,11,3576,NA,NA,NA,NA
PstI.TP810944,7,61876950,NA,NA,NA,NA
PstI.TP386967,11,3022,NA,NA,NA,NA
PstI.TP921276,1,70382591,NA,NA,NA,NA
PstI.TP637513,7,61758322,NA,NA,NA,NA
NsiI.TP801925,11,18952,NA,NA,NA,NA
PstI.TP884163,3,60121398,NA,NA,NA,NA
PstI.TP1132955,4,63683010,NA,NA,NA,NA
PstI.TP954037,7,61167285,NA,NA,NA,NA
PstI.TP418643,11,3244,NA,NA,NA,NA
PstI.TP724829,3,67406291,NA,NA,NA,NA
PstI.TP1121003,2,62934564,NA,NA,NA,NA
PstI.TP350262,8,2905616,NA,NA,NA,NA
PstI.TP714411,6,51076791,NA,NA,NA,NA
PstI.TP226392,6,47819825,NA,NA,NA,NA
NsiI.TP750593,4,61084375,NA,NA,NA,NA
PstI.TP187405,1,73910743,NA,NA,NA,NA
PstI.TP461080,3,29174937,NA,NA,NA,NA
PstI.TP368020,3,4665593,NA,NA,NA,NA
PstI.TP1273751,7,4585882,NA,NA,NA,NA
PstI.TP1226186,3,7342289,NA,NA,NA,NA
PstI.TP1179994,9,52362266,NA,NA,NA,NA
PstI.TP292777,7,64227793,NA,NA,NA,NA
PstI.TP396492,4,59554328,NA,NA,NA,NA
PstI.TP789647,3,69354547,NA,NA,NA,NA
PstI.TP705377,11,4888,NA,NA,NA,NA
PstI.TP398042,11,3104,NA,NA,NA,NA
NsiI.TP732133,11,18112,NA,NA,NA,NA
PstI.TP965825,3,63530528,NA,NA,NA,NA
PstI.TP443245,1,9039678,NA,NA,NA,NA
PstI.TP501971,10,8186495,NA,NA,NA,NA
NsiI.TP350913,11,12980,NA,NA,NA,NA
PstI.TP940228,4,67759601,NA,NA,NA,NA
PstI.TP1146858,3,65279133,NA,NA,NA,NA
PstI.TP1057926,3,65160984,NA,NA,NA,NA
NsiI.TP59381,6,54443739,NA,NA,NA,NA
PstI.TP756560,6,30981137,NA,NA,NA,NA
PstI.TP123922,11,1028,NA,NA,NA,NA
PstI.TP81443,3,72402402,NA,NA,NA,NA
PstI.TP834485,1,62936010,NA,NA,NA,NA
PstI.TP288641,1,27158173,NA,NA,NA,NA
PstI.TP1269599,4,68592536,NA,NA,NA,NA
PstI.TP702779,7,56779453,NA,NA,NA,NA
PstI.TP1220431,6,57879530,NA,NA,NA,NA
PstI.TP733771,11,5061,NA,NA,NA,NA
PstI.TP459896,11,3510,NA,NA,NA,NA
PstI.TP1203869,1,74588086,NA,NA,NA,NA
PstI.TP314454,11,2487,NA,NA,NA,NA
PstI.TP1036644,7,62276526,NA,NA,NA,NA
PstI.TP267556,3,2124660,NA,NA,NA,NA
PstI.TP217593,3,66787516,NA,NA,NA,NA
NsiI.TP726681,3,62054481,NA,NA,NA,NA
PstI.TP508387,3,54826011,NA,NA,NA,NA
PstI.TP576587,6,49188679,NA,NA,NA,NA
NsiI.TP766057,7,61710211,NA,NA,NA,NA
PstI.TP574132,1,19943823,NA,NA,NA,NA
PstI.TP298201,6,1375822,NA,NA,NA,NA
PstI.TP856970,1,78963659,NA,NA,NA,NA
PstI.TP975092,1,59040624,NA,NA,NA,NA
PstI.TP48914,2,64219114,NA,NA,NA,NA
PstI.TP76770,6,54052803,NA,NA,NA,NA
PstI.TP1150194,1,16733554,NA,NA,NA,NA
PstI.TP849876,1,3050119,NA,NA,NA,NA
PstI.TP969702,4,58874917,NA,NA,NA,NA
PstI.TP586874,1,71729101,NA,NA,NA,NA
PstI.TP90991,9,51173645,NA,NA,NA,NA
PstI.TP433234,11,3320,NA,NA,NA,NA
PstI.TP605734,4,16501301,NA,NA,NA,NA
PstI.TP323188,11,2560,NA,NA,NA,NA
NsiI.TP113422,10,43190461,NA,NA,NA,NA
PstI.TP418863,6,59970341,NA,NA,NA,NA
PstI.TP330321,6,48212587,NA,NA,NA,NA
